93525.828125
93549.453125
93581.070312
93617.515625
93654.484375
93687.781250
93716.054688
93744.195312
93769.140625
93794.671875
93819.945312
93847.664062
93877.648438
93906.789062
93933.265625
93955.867188
93972.203125
93984.242188
93990.148438
93991.890625
93991.671875
93984.437500
93972.367188
93960.164062
93945.804688
93931.289062
93917.226562
93903.414062
93892.187500
93886.523438
93890.078125
93898.078125
93912.710938
93934.585938
93962.648438
93995.000000
94029.265625
94065.507812
94099.625000
94129.671875
94154.632812
94173.023438
94181.875000
94183.585938
94176.640625
94167.562500
94151.781250
94133.609375
94112.500000
94085.710938
94061.742188
94041.765625
94017.953125
93997.523438
93976.289062
93957.812500
93945.414062
93944.242188
93948.367188
93955.968750
93970.421875
93987.781250
94006.539062
94025.585938
94039.703125
94048.625000
94063.875000
94087.906250
94112.257812
94139.257812
94146.867188
94135.218750
94110.101562
94070.218750
94044.218750
94009.195312
93971.562500
93937.843750
93908.156250
93883.500000
93865.445312
93856.695312
93856.453125
93864.882812
93884.187500
93902.171875
93925.218750
93953.000000
93984.507812
94016.000000
94035.195312
94045.453125
94048.921875
94049.460938
94051.289062
94051.796875
94046.031250
94043.789062
94037.062500
94033.484375
94029.617188
94024.640625
94019.554688
94014.468750
94009.476562
94004.789062
94000.703125
93997.500000
93995.492188
93994.921875
93995.976562
93998.750000
94003.203125
94009.125000
94016.281250
94024.304688
94032.820312
94041.437500
94049.695312
94057.226562
94063.710938
94068.812500
94072.335938
94074.210938
94074.421875
94073.039062
94070.257812
94066.359375
94061.679688
94056.617188
94051.609375
94047.000000
94043.203125
94040.500000
94039.156250
94039.304688
94041.007812
94044.218750
94048.765625
94054.468750
94061.039062
94068.148438
94075.460938
94082.664062
94089.429688
94095.523438
94100.648438
94104.640625
94107.320312
94108.656250
94108.679688
94107.453125
94105.054688
94101.781250
94097.835938
94093.585938
94089.351562
94085.476562
94082.195312
94079.726562
94078.257812
94077.867188
94078.585938
94080.382812
94083.132812
94086.804688
94091.250000
94096.242188
94101.390625
94106.335938
94110.656250
94114.101562
94116.601562
94118.125000
94118.750000
94118.375000
94117.164062
94115.265625
94112.820312
94110.070312
94107.187500
94104.375000
94101.796875
94099.609375
94097.867188
94096.640625
94096.000000
94095.921875
94096.390625
94097.273438
94098.406250
94099.812500
94101.421875
94103.210938
94105.148438
94107.101562
94108.992188
94110.812500
94112.437500
94113.851562
94114.960938
94115.726562
94116.132812
94116.148438
94115.789062
94115.117188
94114.179688
94113.031250
94111.773438
94110.500000
94109.296875
94108.257812
94107.453125
94106.945312
94106.765625
94106.960938
94107.500000
94108.359375
94109.531250
94110.929688
94112.500000
94114.148438
94115.789062
94117.359375
94118.781250
94120.000000
94120.960938
94121.632812
94122.000000
94122.078125
94121.875000
94121.445312
94120.835938
94120.109375
94119.312500
94118.523438
94117.812500
94117.226562
94116.828125
94116.640625
94116.671875
94116.960938
94117.492188
94118.234375
94119.164062
94120.242188
94121.414062
94122.625000
94123.843750
94125.000000
94126.039062
94126.945312
94127.671875
94128.203125
94128.546875
94128.687500
94128.671875
94128.500000
94128.226562
94127.859375
94127.468750
94127.078125
94126.734375
94126.468750
94126.304688
94126.273438
94126.375000
94126.617188
94127.000000
94127.476562
94128.062500
94128.726562
94129.421875
94130.140625
94130.859375
94131.539062
94132.156250
94132.718750
94133.187500
94133.562500
94133.835938
94134.000000
94134.078125
94134.093750
94134.015625
94133.867188
94133.718750
94133.531250
94133.343750
94133.164062
94133.023438
94132.929688
94132.898438
94132.945312
94133.062500
94133.250000
94133.515625
94133.859375
94134.234375
94134.656250
94135.093750
94135.539062
94135.960938
94136.359375
94136.710938
94136.992188
94137.226562
94137.382812
94137.468750
94137.492188
94137.468750
94137.382812
94137.281250
94137.140625
94137.007812
94136.875000
94136.773438
94136.710938
94136.671875
94136.710938
94136.789062
94136.929688
94137.109375
94137.335938
94137.593750
94137.890625
94138.187500
94138.484375
94138.773438
94139.046875
94139.281250
94139.484375
94139.648438
94139.765625
94139.843750
94139.875000
94139.875000
94139.843750
94139.812500
94139.757812
94139.687500
94139.625000
94139.593750
94139.570312
94139.578125
94139.601562
94139.679688
94139.781250
94139.898438
94140.054688
94140.218750
94140.406250
94140.617188
94140.828125
94141.023438
94141.210938
94141.390625
94141.546875
94141.679688
94141.781250
94141.867188
94141.921875
94141.953125
94141.968750
94141.976562
94141.968750
94141.968750
94141.953125
94141.953125
94141.953125
94141.968750
94142.000000
94142.054688
94142.117188
94142.210938
94142.320312
94142.429688
94142.562500
94142.695312
94142.828125
94142.968750
94143.117188
94143.250000
94143.359375
94143.468750
94143.570312
94143.632812
94143.687500
94143.734375
94143.765625
94143.789062
94143.789062
94143.796875
94143.796875
94143.812500
94143.820312
94143.820312
94143.867188
94143.890625
94143.929688
94143.984375
94144.062500
94144.148438
94144.242188
94144.320312
94144.429688
94144.515625
94144.617188
94144.703125
94144.789062
94144.859375
94144.937500
94144.992188
94145.039062
94145.070312
94145.093750
94145.125000
94145.132812
94145.132812
94145.148438
94145.156250
94145.156250
94145.179688
94145.203125
94145.226562
94145.265625
94145.304688
94145.335938
94145.390625
94145.445312
94145.500000
94145.578125
94145.632812
94145.695312
94145.750000
94145.820312
94145.875000
94145.921875
94145.976562
94146.007812
94146.031250
94146.062500
94146.070312
94146.093750
94146.109375
94146.117188
94146.132812
94146.148438
94146.164062
94146.187500
94146.195312
94146.218750
94146.250000
94146.281250
94146.320312
94146.351562
94146.390625
94146.437500
94146.484375
94146.523438
94146.570312
94146.617188
94146.648438
94146.695312
94146.726562
94146.757812
94146.781250
94146.804688
94146.812500
94146.835938
94146.843750
94146.859375
94146.867188
94146.882812
94146.898438
94146.914062
94146.937500
94146.945312
94146.968750
94147.000000
94147.023438
94147.046875
94147.078125
94147.109375
94147.132812
94147.179688
94147.203125
94147.242188
94147.265625
94147.296875
94147.320312
94147.343750
94147.367188
94147.375000
94147.398438
94147.421875
94147.429688
94147.453125
94147.453125
94147.468750
94147.476562
94147.484375
94147.507812
94147.523438
94147.523438
94147.554688
94147.578125
94147.601562
94147.609375
94147.640625
94147.664062
94147.695312
94147.718750
94147.742188
94147.750000
94147.773438
94147.804688
94147.820312
94147.828125
94147.851562
94147.851562
94147.859375
94147.882812
94147.898438
94147.906250
94147.921875
94147.929688
94147.937500
94147.953125
94147.976562
94147.984375
94147.992188
94148.007812
94148.015625
94148.039062
94148.046875
94148.062500
94148.085938
94148.093750
94148.117188
94148.125000
94148.148438
94148.164062
94148.171875
94148.195312
94148.203125
94148.218750
94148.226562
94148.242188
94148.242188
94148.257812
94148.273438
94148.273438
94148.281250
94148.281250
94148.296875
94148.304688
94148.312500
94148.312500
94148.335938
94148.335938
94148.351562
94148.359375
94148.367188
94148.382812
94148.390625
94148.390625
94148.406250
94148.414062
94148.414062
94148.437500
94148.437500
94148.445312
94148.460938
94148.468750
94148.484375
94148.484375
94148.492188
94148.492188
94148.500000
94148.515625
94148.515625
94148.539062
94148.546875
94148.546875
94148.562500
94148.546875
94148.562500
94148.562500
94148.578125
94148.578125
94148.601562
94148.601562
94148.617188
94148.625000
94148.632812
94148.656250
94148.656250
94148.656250
94148.671875
94148.679688
94148.679688
94148.679688
94148.687500
94148.687500
94148.687500
94148.703125
94148.703125
94148.703125
94148.710938
94148.726562
94148.734375
94148.734375
94148.750000
94148.757812
94148.757812
94148.757812
94148.765625
94148.765625
94148.781250
94148.781250
94148.781250
94148.789062
94148.789062
94148.804688
94148.804688
94148.804688
94148.804688
94148.812500
94148.812500
94148.812500
94148.812500
94148.820312
94148.835938
94148.843750
94148.843750
94148.859375
94148.859375
94148.867188
94148.867188
94148.867188
94148.882812
94148.882812
94148.882812
94148.890625
94148.890625
94148.898438
94148.898438
94148.914062
94148.914062
94148.921875
94148.921875
94148.921875
94148.937500
94148.937500
94148.937500
94148.945312
94148.953125
94148.968750
94148.968750
94148.968750
94148.968750
94148.976562
94148.976562
94148.968750
94148.968750
94148.976562
94148.976562
94148.992188
94148.992188
94148.992188
94148.992188
94149.000000
94149.000000
94149.000000
94149.000000
94149.000000
94149.007812
94149.007812
94149.007812
94149.023438
94149.023438
94149.023438
94149.023438
94149.023438
94149.023438
94149.031250
94149.046875
94149.046875
94149.046875
94149.054688
94149.054688
94149.070312
94149.070312
94149.070312
94149.070312
94149.070312
94149.070312
94149.078125
94149.078125
94149.078125
94149.078125
94149.078125
94149.078125
94149.078125
94149.078125
94149.078125
94149.078125
94149.078125
94149.078125
94149.078125
94149.078125
94149.078125
94149.078125
94149.078125
94149.078125
94149.078125
94149.085938
94149.085938
94149.085938
94149.101562
94149.101562
94149.109375
94149.109375
94149.109375
94149.109375
94149.109375
94149.125000
94149.125000
94149.125000
94149.125000
94149.125000
94149.125000
94149.132812
94149.132812
94149.132812
94149.132812
94149.132812
94149.132812
94149.132812
94149.132812
94149.140625
94149.140625
94149.140625
