93525.828125
93549.453125
93581.070312
93617.515625
93654.484375
93687.781250
93716.054688
93744.195312
93769.140625
93794.671875
93819.945312
93847.664062
93877.648438
93906.789062
93933.265625
93955.867188
93972.203125
93984.242188
93990.148438
93991.890625
93991.671875
93984.437500
93972.367188
93960.164062
93945.804688
93931.289062
93917.226562
93903.414062
93892.187500
93886.523438
93890.078125
93898.078125
93912.710938
93934.585938
93962.648438
93995.000000
94029.265625
94065.507812
94099.625000
94129.671875
94154.632812
94173.023438
94181.875000
94183.585938
94176.640625
94167.562500
94151.781250
94133.609375
94112.500000
94085.710938
94061.742188
94041.765625
94017.953125
93997.523438
93976.289062
93957.812500
93945.414062
93944.242188
93948.367188
93955.968750
93970.421875
93987.781250
94006.539062
94025.585938
94039.703125
94048.625000
94063.875000
94087.906250
94112.257812
94139.257812
94146.867188
94135.218750
94110.101562
94070.218750
94044.218750
94009.195312
93971.562500
93937.843750
93908.156250
93883.500000
93865.445312
93856.695312
93856.453125
93864.882812
93884.187500
93902.171875
93925.218750
93953.000000
93984.507812
94016.000000
94035.195312
94045.453125
94048.921875
94049.460938
94051.289062
94051.796875
94046.031250
94043.789062
94037.062500
94033.484375
94029.617188
94024.640625
94019.554688
94014.468750
94009.476562
94004.789062
94000.703125
93997.500000
93995.492188
93994.921875
93995.976562
93998.750000
94003.203125
94009.125000
94016.281250
94024.304688
94032.820312
94041.437500
94049.695312
94057.226562
94063.710938
94068.812500
94072.335938
94074.210938
94074.421875
94073.039062
94070.257812
94066.359375
94061.679688
94056.617188
94051.609375
94047.000000
94043.203125
94040.500000
94039.156250
94039.304688
94041.007812
94044.218750
94048.765625
94054.468750
94061.039062
94068.148438
94075.460938
94082.664062
94089.429688
94095.523438
94100.648438
94104.640625
94107.320312
94108.656250
94108.679688
94107.453125
94105.054688
94101.781250
94097.835938
94093.585938
94089.351562
94085.476562
94082.195312
94079.726562
94078.257812
94077.867188
94078.585938
94080.382812
94083.132812
94086.804688
94091.250000
94096.242188
