246.984909
246.811874
246.631760
246.440186
246.248703
246.054489
245.835785
245.653793
245.473923
245.292664
245.096786
244.901276
244.721603
244.569214
244.422134
244.268448
244.124146
243.974091
243.837891
243.699997
243.566238
243.433105
243.304733
243.180542
243.057831
242.937057
242.817825
242.700241
242.585312
242.468597
242.352173
242.238235
242.122894
242.010147
241.898117
241.786118
241.673676
241.563309
241.451965
241.340286
241.230606
241.120239
241.008682
240.899155
240.789154
240.680405
240.571686
240.461594
240.352249
240.243088
240.132858
240.021469
239.910507
239.798553
239.686920
239.574677
239.461136
239.349182
239.242447
239.139633
239.040344
238.938782
238.836151
238.733353
238.629730
238.527939
238.426697
238.324753
238.222397
238.121475
238.019653
237.917786
237.821426
237.727173
237.634705
237.541672
237.446594
237.349152
237.252441
237.154694
237.060364
236.967834
236.872665
236.778641
236.684387
236.586166
236.487396
236.388290
236.289917
236.192703
236.095322
235.999191
235.905045
235.811859
235.720367
235.627243
235.533920
235.439713
235.345352
235.251266
235.156952
235.071304
234.986343
234.901840
234.818207
234.735245
234.652863
234.571350
234.490768
234.410736
234.331360
234.252945
