246.984909
246.811874
246.631760
246.440186
246.248703
246.054489
245.835785
245.653793
245.473923
245.292664
245.096786
244.901276
244.721603
244.569214
244.422134
244.268448
244.124146
243.974091
243.837891
243.699997
243.566238
243.433105
243.304733
243.180542
243.057831
242.937057
242.817825
242.700241
242.585312
242.468597
242.352173
242.238235
242.122894
242.010147
241.898117
241.786118
241.673676
241.563309
241.451965
241.340286
241.230606
241.120239
241.008682
240.899155
240.789154
240.680405
240.571686
240.461594
240.352249
240.243088
240.132858
240.021469
239.910507
239.798553
239.686920
239.574677
239.461136
239.349182
239.242447
239.139633
239.040344
238.938782
238.836151
238.733353
238.629730
238.527939
238.426697
238.324753
238.222397
238.121475
238.019653
237.917786
237.821426
237.727173
237.634705
237.541672
237.446594
237.349152
237.252441
237.154694
237.060364
236.967834
236.872665
236.778641
236.684387
236.586166
236.487396
236.388290
236.289917
236.192703
236.095322
235.999191
235.905045
235.811859
235.720367
235.627243
235.533920
235.439713
235.345352
235.251266
235.156952
235.071304
234.986343
234.901840
234.818207
234.735245
234.652863
234.571350
234.490768
234.410736
234.331360
234.252945
234.175201
234.098175
234.021957
233.946106
233.870895
233.796310
233.722244
233.648926
233.576172
233.503738
233.431946
233.360474
233.289597
233.219238
233.149368
233.079895
233.010620
232.941971
232.874100
232.806305
232.738876
232.671753
232.605255
232.538803
232.472870
232.407318
232.342346
232.277588
232.213013
232.148956
232.085251
232.021545
231.958527
231.895874
231.833328
231.771317
231.709427
231.648224
231.586899
231.526047
231.465607
231.405319
231.345581
231.286133
231.226898
231.168167
231.109604
231.051376
230.993256
230.935776
230.878448
230.821304
230.764603
230.708252
230.652145
230.596069
230.540649
230.485107
230.430283
230.375519
230.321198
230.267090
230.213364
230.159744
230.106232
230.053253
230.000610
229.948135
229.895981
229.843933
229.792328
229.740906
229.689728
229.638748
229.588379
229.538086
229.487991
229.438278
229.389038
229.339691
229.290802
229.242386
229.193756
229.145813
229.097977
229.050568
229.003357
228.956543
228.909760
228.863327
228.817520
228.771698
228.726059
228.680847
228.635696
228.591003
228.546478
228.501907
228.457901
228.414337
228.370712
228.327286
228.284393
228.241394
228.198761
228.156525
228.114319
228.072540
228.030838
227.989456
227.948059
227.906967
227.866257
227.825760
227.785233
227.745148
227.705032
227.665283
227.625778
227.586365
227.547211
227.508270
227.469604
227.431046
227.392654
227.354492
227.316528
227.278763
227.241272
227.203918
227.166702
227.129562
227.092606
227.056015
227.019562
226.983414
226.947296
226.911316
226.875565
226.840088
226.804718
226.769501
226.734390
226.699631
226.665009
226.630600
226.596054
226.562012
226.527893
226.494141
226.460556
226.426865
226.393555
226.360245
226.327286
226.294388
226.261612
226.229248
226.196991
226.164932
226.132782
226.101059
226.069153
226.037796
226.006317
225.975204
225.943985
225.912888
225.882004
225.851608
225.821014
225.790802
225.760696
225.730667
225.700806
225.671066
225.641678
225.612000
225.582733
225.553482
225.524521
225.495697
225.467010
225.438309
225.409836
225.381546
225.353546
225.325302
225.297607
225.269730
225.242157
225.214706
225.187225
225.159958
225.132904
225.106033
225.079163
225.052475
225.025879
224.999481
224.973221
224.947006
224.920975
224.894958
224.869247
224.843460
224.817932
224.792313
224.766937
224.741623
224.716583
224.691849
224.666901
224.642273
224.617508
224.593033
224.568649
224.544235
224.520370
224.496170
224.472015
224.448334
224.424606
224.400955
