246.984909
246.811874
246.631760
246.440186
246.248703
246.054489
245.835785
245.653793
245.473923
245.292664
245.096786
244.901276
244.721603
244.569214
244.422134
244.268448
244.124146
243.974091
243.837891
243.699997
243.566238
243.433105
243.304733
243.180542
243.057831
242.937057
242.817825
242.700241
242.585312
242.468597
242.352173
242.238235
242.122894
242.010147
241.898117
241.786118
241.673676
241.563309
241.451965
241.340286
241.230606
241.120239
241.008682
240.899155
240.789154
240.680405
240.571686
240.461594
240.352249
240.243088
240.132858
240.021469
239.910507
239.798553
239.686920
239.574677
239.461136
239.349182
239.242447
239.139633
239.040344
238.938782
238.836151
238.733353
238.629730
238.527939
238.426697
238.324753
238.222397
238.121475
238.019653
237.917786
237.821426
237.727173
237.634705
237.541672
237.446594
237.349152
237.252441
237.154694
237.060364
236.967834
236.872665
236.778641
236.684387
236.586166
236.487396
236.388290
236.289917
236.192703
236.095322
235.999191
235.905045
235.811859
235.720367
235.627243
235.533920
235.439713
235.345352
235.251266
235.156952
235.071304
234.986343
234.901840
234.818207
234.735245
234.652863
234.571350
234.490768
234.410736
234.331360
234.252945
234.175201
234.098175
234.021957
233.946106
233.870895
233.796310
233.722244
233.648926
233.576172
233.503738
233.431946
233.360474
233.289597
233.219238
233.149368
233.079895
233.010620
232.941971
232.874100
232.806305
232.738876
232.671753
232.605255
232.538803
232.472870
232.407318
232.342346
232.277588
232.213013
232.148956
232.085251
232.021545
231.958527
231.895874
231.833328
231.771317
231.709427
231.648224
231.586899
231.526047
231.465607
231.405319
231.345581
231.286133
231.226898
231.168167
231.109604
231.051376
230.993256
230.935776
230.878448
230.821304
230.764603
230.708252
230.652145
230.596069
230.540649
230.485107
230.430283
230.375519
230.321198
230.267090
230.213364
230.159744
230.106232
230.053253
230.000610
229.948135
229.895981
229.843933
229.792328
229.740906
229.689728
229.638748
229.588379
229.538086
229.487991
229.438278
229.389038
229.339691
229.290802
229.242386
229.193756
229.145813
229.097977
229.050568
229.003357
228.956543
228.909760
228.863327
228.817520
228.771698
228.726059
228.680847
228.635696
228.591003
228.546478
228.501907
228.457901
228.414337
228.370712
228.327286
228.284393
228.241394
228.198761
228.156525
228.114319
228.072540
228.030838
227.989456
227.948059
227.906967
227.866257
227.825760
227.785233
227.745148
227.705032
227.665283
227.625778
227.586365
227.547211
227.508270
227.469604
227.431046
227.392654
227.354492
227.316528
227.278763
227.241272
227.203918
227.166702
227.129562
227.092606
227.056015
227.019562
226.983414
226.947296
226.911316
226.875565
226.840088
226.804718
226.769501
226.734390
226.699631
226.665009
226.630600
226.596054
226.562012
226.527893
226.494141
226.460556
226.426865
226.393555
226.360245
226.327286
226.294388
226.261612
226.229248
226.196991
226.164932
226.132782
226.101059
226.069153
226.037796
226.006317
225.975204
225.943985
225.912888
225.882004
225.851608
225.821014
225.790802
225.760696
225.730667
225.700806
225.671066
225.641678
225.612000
225.582733
225.553482
225.524521
225.495697
225.467010
225.438309
225.409836
225.381546
225.353546
225.325302
225.297607
225.269730
225.242157
225.214706
225.187225
225.159958
225.132904
225.106033
225.079163
225.052475
225.025879
224.999481
224.973221
224.947006
224.920975
224.894958
224.869247
224.843460
224.817932
224.792313
224.766937
224.741623
224.716583
224.691849
224.666901
224.642273
224.617508
224.593033
224.568649
224.544235
224.520370
224.496170
224.472015
224.448334
224.424606
224.400955
224.377579
224.354126
224.330734
224.307632
224.284668
224.261887
224.238876
224.215973
224.193329
224.170822
224.148453
224.125992
224.103928
224.081726
224.059799
224.037903
224.016052
223.994293
223.972733
223.951279
223.930023
223.908569
223.887482
223.866318
223.845245
223.824280
223.803467
223.782761
223.762161
223.741577
223.721161
223.700790
223.680435
223.660385
223.640198
223.620255
223.600342
223.580582
223.560944
223.541229
223.521698
223.502304
223.482971
223.463593
223.444534
223.425415
223.406479
223.387497
223.368652
223.349976
223.331207
223.312546
223.294189
223.275864
223.257492
223.239227
223.220963
223.202972
223.185059
223.167175
223.149124
223.131470
223.113770
223.096268
223.078690
223.061218
223.043900
223.026642
223.009415
222.992340
222.975281
222.958420
222.941513
222.924637
222.907806
222.891159
222.874619
222.857986
222.841614
222.825363
222.808929
222.792694
222.776413
222.760406
222.744354
222.728394
222.712540
222.696655
222.680984
222.665359
222.649673
222.634140
222.618774
222.603302
222.587967
222.572754
222.557556
222.542465
222.527390
222.512421
222.497482
222.482712
222.467850
222.453140
222.438583
222.423843
222.409378
222.394928
222.380463
222.366257
222.352081
222.337830
222.323608
222.309525
222.295242
222.281342
222.267441
222.253616
222.239853
222.226059
222.212479
222.198837
222.185272
222.171890
222.158203
222.144913
222.131592
222.118378
222.105103
222.091995
222.078934
222.065872
222.053101
222.040070
222.027176
222.014465
222.001587
221.988754
221.976181
221.963715
221.951202
221.938553
221.926132
221.913742
221.901505
221.889313
221.877121
221.865082
221.852844
221.840897
221.828812
221.816849
221.804916
221.792938
221.781067
221.769440
221.757675
221.746063
221.734558
221.722870
221.711395
221.699951
221.688614
221.677200
221.665863
221.654495
221.643341
221.632294
221.621063
221.610001
221.598984
221.587936
221.577072
221.566238
221.555267
221.544571
221.533813
221.523209
221.512482
221.501907
221.491257
221.480667
221.470306
221.459885
221.449570
221.439163
221.428894
221.418655
221.408493
221.398331
221.388199
221.378174
221.368195
221.358078
221.348099
221.338272
221.328400
221.318558
221.308640
221.298859
221.289291
221.279678
221.269852
221.260452
221.250717
221.241425
221.231934
221.222427
221.213104
221.203644
221.194382
221.185074
221.175873
221.166809
221.157623
221.148621
221.139572
221.130524
221.121490
221.112457
221.103668
221.094727
221.085892
221.077179
221.068329
221.059540
221.050797
221.042130
221.033401
221.024948
221.016312
221.007889
220.999420
220.990875
220.982452
220.974091
220.965775
220.957458
220.948990
220.940720
220.932663
220.924469
220.916260
220.908310
220.899963
220.892090
220.884033
220.876205
220.868179
220.860184
220.852310
220.844528
220.836685
220.828995
220.821075
220.813477
220.805725
220.798187
220.790466
220.782867
220.775238
220.767899
220.760361
220.752960
220.745392
220.738251
220.730911
220.723419
220.716064
220.709045
220.701721
220.694550
220.687332
220.680191
220.673004
220.665970
220.658951
220.651764
220.644699
220.637817
220.630951
220.623993
220.616913
220.610199
220.603241
220.596359
220.589584
220.582809
220.576035
220.569382
220.562820
220.556091
220.549530
220.542953
220.536224
220.529785
220.523239
220.516678
220.510193
220.503815
220.497513
220.490936
220.484619
220.478348
220.472000
220.465805
220.459351
220.453156
220.447067
220.440781
220.434662
220.428406
220.422516
220.416412
220.410278
220.404251
220.398193
220.392288
220.386307
220.380386
220.374527
220.368729
220.362762
220.356796
220.351044
220.345367
220.339554
220.333755
220.328110
220.322418
220.316788
220.311279
220.305603
220.299973
220.294327
220.288773
220.283234
220.277756
220.272400
220.266846
220.261292
220.255951
220.250580
220.245239
220.239777
220.234634
220.229340
220.224045
220.218750
220.213455
220.208160
220.202972
220.197861
220.192703
220.187454
220.182434
220.177383
220.172211
220.167267
220.162247
220.157257
220.152145
220.147125
220.142120
220.137222
220.132584
220.127640
220.122787
220.118011
220.112946
220.108109
220.103363
220.098618
220.093719
220.088989
220.084229
220.079559
220.074905
220.070251
220.065475
220.060913
220.056305
220.051788
220.047226
220.042633
220.038025
220.033585
220.029007
220.024567
220.020035
220.015579
220.011124
220.006760
220.002243
219.997803
219.993454
219.989029
219.984772
219.980576
219.976379
219.971878
219.967636
219.963379
219.959305
219.954971
219.950836
219.946503
219.942398
219.938263
219.934158
219.930130
219.926056
219.922012
219.917892
219.913895
219.909927
219.905945
219.901855
219.897949
219.893921
219.889954
219.885895
219.881943
219.878265
219.874573
219.870575
219.866867
219.862747
219.858948
219.855209
219.851471
219.847595
219.843811
219.840195
219.836319
219.832581
219.829010
219.825333
219.821686
219.817963
219.814468
219.810822
219.807205
219.803558
219.799973
219.796326
219.792892
219.789322
219.785828
219.782333
219.778839
219.775360
219.771988
219.768433
219.765030
219.761475
219.758224
219.754776
219.751541
219.748169
219.744843
219.741516
219.738159
219.734879
219.731522
219.728149
219.724869
219.721512
219.718338
219.715118
219.711853
219.708481
219.705338
219.702164
219.698975
219.695740
219.692642
219.689545
219.686325
219.683228
219.680038
219.677002
219.673843
219.670822
219.668015
219.664917
219.661896
219.658920
219.655869
219.652817
219.649826
219.646866
219.643951
219.641022
219.637985
219.635071
219.632156
219.629257
219.626297
219.623474
219.620621
219.617813
219.614944
219.612122
219.609268
219.606522
219.603699
219.600891
219.598221
219.595383
219.592621
219.589874
219.587265
219.584564
219.581802
219.579010
219.576248
219.573654
219.571014
219.568329
219.565643
219.562958
219.560364
219.557922
219.555115
219.552460
219.549896
219.547379
219.544769
219.542191
219.539703
219.537140
219.534515
219.532013
219.529510
219.527100
219.524551
219.522156
219.519730
219.517303
219.514847
219.512375
219.509842
219.507416
219.505096
219.502670
219.500320
219.498032
219.495590
219.493149
219.490906
219.488480
219.486206
219.483887
219.481613
219.479324
219.476898
219.474609
219.472366
219.470123
219.467758
219.465546
219.463440
219.461166
219.458954
219.456650
219.454453
219.452240
219.450089
219.447952
219.445724
219.443497
219.441406
219.439285
219.436996
219.435013
219.432724
219.430664
219.428619
219.426514
219.424393
219.422318
219.420242
219.418198
219.416214
219.414124
219.412064
219.410019
219.407913
219.405853
219.403748
219.401688
219.399704
219.397751
219.395721
219.393753
219.391724
219.389771
219.387863
219.385925
219.384140
219.382248
219.380341
219.378372
219.376404
219.374573
219.372635
219.370804
219.368851
219.367035
219.365219
219.363358
219.361542
219.359741
219.357941
219.356064
219.354294
219.352386
219.350662
219.348846
219.347061
219.345245
219.343430
219.341660
