249.384506
250.078110
249.066147
249.057770
249.206635
247.598877
245.419571
244.206863
243.527527
241.793015
241.218185
240.949768
242.973312
242.368668
242.488235
241.932236
242.993881
242.317886
242.319275
243.198700
241.051468
241.580826
241.946823
241.794907
242.155487
241.218002
241.588684
242.097397
242.058685
241.876633
241.931732
242.040298
242.120422
243.908981
243.634369
243.750580
242.749680
243.884750
243.027512
245.297455
244.786163
243.500732
243.636597
243.297165
243.814407
243.362228
243.336960
243.520889
243.699356
243.019730
243.391327
241.133591
241.219223
242.448944
243.805267
243.302017
241.668091
241.046387
241.208405
241.040970
241.040649
240.996613
240.962341
240.925278
241.592422
241.440704
241.659149
240.507233
239.574219
241.127579
239.578125
242.624878
241.859482
239.995834
240.312820
240.727097
241.597473
241.157150
241.243500
241.137390
241.144211
241.307678
241.216736
241.224380
240.971161
239.588455
236.608139
234.850128
233.962723
234.943054
236.608658
235.151932
235.984985
236.145142
235.911224
235.960159
235.923187
232.729279
233.199295
233.311615
233.511902
233.318161
228.985626
230.440628
229.652115
232.474197
232.811630
232.843231
233.332642
233.395203
233.730637
234.225281
234.303223
234.471939
234.497543
233.889450
233.676086
233.855606
233.834778
233.671692
231.966629
232.058899
233.816269
231.889557
232.330353
232.892670
232.446182
232.256180
232.674728
232.708435
232.838455
233.497650
232.624664
234.268036
236.336060
236.728394
235.405609
236.079681
236.399078
236.633179
236.689667
236.786972
237.101227
237.152206
237.325592
238.197876
238.371277
238.344360
237.460007
237.504807
233.373047
230.897995
229.815628
229.678024
228.077026
229.172791
227.212234
227.532700
227.352646
227.638794
227.412964
228.997086
228.269852
228.944427
228.991989
230.250351
229.649002
230.336227
228.439056
229.258698
228.174759
228.264603
229.038849
228.883133
228.938095
228.796417
228.456055
225.907562
225.986145
224.478043
225.099487
225.148926
220.681122
220.617020
219.327423
219.538101
220.499298
220.268509
221.917511
220.844559
221.070831
220.983307
221.149872
221.285736
221.834183
221.482239
221.042007
220.205063
222.190445
221.925369
220.921951
221.872070
221.428024
222.525421
222.790649
222.502899
222.374939
222.474670
222.191666
221.850830
221.688019
222.333664
223.307053
223.771713
224.184662
224.294678
222.925980
222.740204
222.090347
221.830765
222.809692
222.374939
222.538513
222.356583
