249.384506
250.078110
249.066147
249.057770
249.206635
247.598877
245.419571
244.206863
243.527527
241.793015
241.218185
240.949768
242.973312
242.368668
242.488235
241.932236
242.993881
242.317886
242.319275
243.198700
241.051468
241.580826
241.946823
241.794907
242.155487
241.218002
241.588684
242.097397
242.058685
241.876633
241.931732
242.040298
242.120422
243.908981
243.634369
243.750580
242.749680
243.884750
243.027512
245.297455
244.786163
243.500732
243.636597
243.297165
243.814407
243.362228
243.336960
243.520889
243.699356
243.019730
243.391327
241.133591
241.219223
242.448944
243.805267
243.302017
241.668091
241.046387
241.208405
241.040970
241.040649
240.996613
240.962341
240.925278
241.592422
241.440704
241.659149
240.507233
239.574219
241.127579
239.578125
242.624878
241.859482
239.995834
240.312820
240.727097
241.597473
241.157150
241.243500
241.137390
241.144211
241.307678
241.216736
241.224380
240.971161
239.588455
236.608139
234.850128
233.962723
234.943054
236.608658
235.151932
235.984985
236.145142
235.911224
235.960159
235.923187
232.729279
233.199295
233.311615
233.511902
233.318161
228.985626
230.440628
229.652115
232.474197
232.811630
232.843231
233.332642
233.395203
233.730637
234.225281
