249.384506
250.078110
249.066147
249.057770
249.206635
247.598877
245.419571
244.206863
243.527527
241.793015
241.218185
240.949768
242.973312
242.368668
242.488235
241.932236
242.993881
242.317886
242.319275
243.198700
241.051468
241.580826
241.946823
241.794907
242.155487
241.218002
241.588684
242.097397
242.058685
241.876633
241.931732
242.040298
242.120422
243.908981
243.634369
243.750580
242.749680
243.884750
243.027512
245.297455
244.786163
243.500732
243.636597
243.297165
243.814407
243.362228
243.336960
243.520889
243.699356
243.019730
243.391327
241.133591
241.219223
242.448944
243.805267
243.302017
241.668091
241.046387
241.208405
241.040970
241.040649
240.996613
240.962341
240.925278
241.592422
241.440704
241.659149
240.507233
239.574219
241.127579
239.578125
242.624878
241.859482
239.995834
240.312820
240.727097
241.597473
241.157150
241.243500
241.137390
241.144211
241.307678
241.216736
241.224380
240.971161
239.588455
236.608139
234.850128
233.962723
234.943054
236.608658
235.151932
235.984985
236.145142
235.911224
235.960159
235.923187
232.729279
233.199295
233.311615
233.511902
233.318161
228.985626
230.440628
229.652115
232.474197
232.811630
232.843231
233.332642
233.395203
233.730637
234.225281
234.303223
234.471939
234.497543
233.889450
233.676086
233.855606
233.834778
233.671692
231.966629
232.058899
233.816269
231.889557
232.330353
232.892670
232.446182
232.256180
232.674728
232.708435
232.838455
233.497650
232.624664
234.268036
236.336060
236.728394
235.405609
236.079681
236.399078
236.633179
236.689667
236.786972
237.101227
237.152206
237.325592
238.197876
238.371277
238.344360
237.460007
237.504807
233.373047
230.897995
229.815628
229.678024
228.077026
229.172791
227.212234
227.532700
227.352646
227.638794
227.412964
228.997086
228.269852
228.944427
228.991989
230.250351
229.649002
230.336227
228.439056
229.258698
228.174759
228.264603
229.038849
228.883133
228.938095
228.796417
228.456055
225.907562
225.986145
224.478043
225.099487
225.148926
220.681122
220.617020
219.327423
219.538101
220.499298
220.268509
221.917511
220.844559
221.070831
220.983307
221.149872
221.285736
221.834183
221.482239
221.042007
220.205063
222.190445
221.925369
220.921951
221.872070
221.428024
222.525421
222.790649
222.502899
222.374939
222.474670
222.191666
221.850830
221.688019
222.333664
223.307053
223.771713
224.184662
224.294678
222.925980
222.740204
222.090347
221.830765
222.809692
222.374939
222.538513
222.356583
222.273788
222.811905
223.141022
224.325943
224.033295
224.806747
223.374435
222.035583
221.824677
221.487076
221.153931
221.722382
221.883942
221.587540
221.407104
221.268402
221.253845
219.849686
220.711548
221.012421
221.128281
222.342087
224.813202
226.798309
227.282883
229.086609
230.253845
230.313309
228.597214
229.015854
228.668213
228.621552
228.760025
228.197693
230.946518
229.758392
229.577133
229.197357
233.997192
237.730606
238.246063
237.174789
237.478958
237.857712
236.853836
236.959137
236.256912
236.592377
237.241257
235.977646
236.055008
236.367416
234.386063
233.504379
234.911926
236.848007
235.206833
234.928650
235.987839
236.995407
238.233429
237.917236
237.502213
237.632599
238.110992
237.691940
237.709091
238.104355
237.394226
237.991837
238.300629
236.745758
237.779449
237.173828
238.648346
238.628204
236.158585
232.697540
245.197769
242.931381
243.406418
244.175735
243.781265
244.671204
245.840866
245.243271
239.747452
239.958054
237.678650
237.379425
234.048019
233.275558
235.166809
234.188568
234.304840
233.933762
232.842651
229.875305
231.045303
230.604813
229.869583
229.062592
227.891083
226.994919
225.456421
226.081299
227.494522
227.927460
226.940933
227.878510
228.179672
228.079361
227.824280
225.571732
226.486847
225.905609
226.200119
226.394318
228.069016
229.550232
231.160690
231.017029
230.264008
231.527924
231.624969
231.304214
230.818588
231.206726
231.747757
226.109894
225.935654
225.620926
227.607071
226.926666
229.408081
228.349854
229.783829
228.865921
229.554947
230.257446
231.431793
230.971756
230.894028
231.102234
231.003845
230.453369
230.568787
229.913300
230.538651
230.240814
232.671844
229.545898
230.143234
230.769287
231.393600
231.054535
232.242294
231.566940
231.070862
231.750061
231.953598
231.757172
231.693024
231.907867
231.739212
231.413879
231.664536
229.299500
228.024826
227.836090
227.173203
227.443680
226.747452
226.675323
226.617828
226.326370
226.366623
227.806000
227.799942
228.269119
228.176773
228.446899
228.360291
228.254135
228.464432
227.847153
227.818405
227.255936
226.903870
226.660553
226.670654
226.079071
226.331406
226.013916
225.979797
226.367981
225.990433
225.334076
229.949707
233.587875
233.605331
233.121964
232.820511
232.386932
231.844177
231.989288
231.771698
232.114532
231.963104
231.558121
231.817581
231.957840
232.127487
230.078720
231.995865
233.930923
234.510818
234.726868
234.651520
235.612518
235.938507
235.939972
235.846725
236.041229
236.175461
234.672455
235.519791
234.903107
235.276093
236.353119
235.302582
238.707550
239.357346
239.645523
240.599701
241.169891
240.344894
240.304199
240.294159
240.339890
240.419403
240.074539
240.617172
239.630753
240.089569
239.856949
243.727615
243.018936
243.319168
242.752579
243.157333
243.220062
243.563766
243.776627
243.406815
243.680496
243.601746
243.956284
243.897537
243.665527
243.971375
243.700592
243.954681
243.252335
243.994217
242.852966
241.581772
242.951126
243.528793
243.545624
243.540955
243.924118
244.406693
243.415573
243.034531
242.850449
243.329453
243.109177
244.199188
242.196060
244.046738
243.625076
243.743896
243.827805
243.880081
243.537872
243.328842
243.789322
243.792496
243.063751
243.189560
242.828674
243.581421
242.697357
244.084946
244.011139
244.271240
244.316208
244.309235
244.302460
244.885849
244.635727
244.638046
244.660721
244.564041
244.322266
244.310852
244.408310
244.773285
244.862030
244.633392
244.830063
246.092209
247.424271
246.449982
244.663834
244.621201
244.299820
244.251129
244.222763
244.050156
244.275757
244.201874
242.681732
243.027145
243.474243
247.444534
245.808746
247.017883
245.980835
246.996277
246.814743
246.059540
246.926117
246.645035
246.521103
247.047089
245.296463
245.423309
246.061508
246.605560
246.026993
246.865143
244.771042
248.988480
246.676666
247.141052
247.336609
245.812912
245.039536
245.549683
245.421539
245.494370
244.785980
245.341187
244.510422
245.034821
244.384857
242.273727
241.289658
242.505966
240.478180
238.746155
239.047028
239.590149
239.021011
239.427628
238.874023
238.760284
240.206345
239.360733
239.471207
238.148148
238.234528
239.874557
240.321548
239.387238
239.912323
240.724350
238.538361
236.390305
236.610199
236.129547
237.033890
236.584000
236.699127
236.611816
237.368988
236.351120
235.891373
235.932739
236.712784
236.176620
236.569473
236.133194
238.192123
241.086334
239.918304
241.179337
240.912567
240.536407
240.535172
240.506607
240.490967
240.554871
240.527771
239.804413
240.339798
240.911026
241.387894
240.215881
239.299713
237.098175
238.600052
237.641464
237.338821
239.718018
237.126877
237.551636
237.543488
236.512634
236.944199
235.696976
238.564514
238.064606
235.471832
237.283844
237.417023
234.999496
236.364883
236.652328
237.195557
236.690842
236.675903
236.070862
235.764923
235.586670
235.457687
230.591415
232.166595
231.446228
234.535172
234.972946
234.574234
234.980591
235.166412
235.269913
234.779861
234.952545
233.538788
233.499847
233.597244
233.428482
233.023544
234.731705
236.165405
233.787094
234.283722
233.356262
233.661514
234.584671
234.455429
233.733994
234.095840
234.142868
233.701447
233.906662
233.868011
233.715439
233.585831
237.856461
237.818176
238.217316
239.048111
238.297012
238.233871
238.051605
237.692963
237.522964
237.895767
237.725327
234.955994
235.404938
234.996994
234.738983
235.750504
228.827484
225.528534
226.276764
225.003281
225.469955
224.702377
227.180511
225.988541
225.172226
225.382812
224.656250
226.823013
226.368073
225.897110
225.872620
224.691010
221.183929
220.524689
220.629303
218.327652
217.812500
221.923828
219.895767
219.672928
219.946152
220.423172
220.284866
219.900513
219.578140
219.536865
219.778702
221.137192
220.646545
215.096100
217.464066
216.564529
215.515518
215.923492
216.386490
216.465225
216.503586
216.566238
216.846710
215.168930
216.449417
215.590195
215.671799
215.260925
214.623337
213.580460
211.410339
210.981354
210.591095
211.461731
209.049820
209.402405
209.382034
210.004425
209.608536
210.285080
209.934875
210.222946
210.321442
210.706329
211.914246
211.021652
212.733139
212.137894
211.725281
211.974350
212.763229
212.553253
212.565125
212.621094
212.694412
211.843414
211.792191
212.077927
212.160568
213.229614
213.029556
210.620605
210.340546
211.016495
213.165268
213.897919
213.427872
213.304718
213.101364
213.554047
213.242828
213.138550
213.009155
213.276947
213.261215
212.763046
213.860657
212.994263
212.707275
211.520935
211.272537
211.653336
212.221481
212.303146
212.142853
212.275314
212.364502
212.425323
212.705978
212.648682
212.585510
212.706314
216.714523
214.620682
215.654938
214.126099
213.385315
215.044968
214.578842
214.753403
214.941193
215.084549
215.494507
215.319168
214.725174
213.722839
214.282928
214.091263
214.912476
215.510757
214.880249
212.783829
212.830811
211.717972
213.706146
213.400162
213.284744
213.220306
213.114166
212.712494
213.045166
211.285553
211.634003
210.189056
213.762665
213.750671
212.542999
214.917770
213.466461
214.585190
217.816467
216.859482
216.866821
216.976700
217.069412
219.885468
219.701950
219.354919
219.425415
219.760406
219.436111
218.983353
219.102554
218.560883
218.924149
219.464142
219.733978
220.032364
220.033447
220.039658
220.034805
219.467316
219.773300
220.162354
220.125153
220.695847
222.010056
222.950317
222.712448
222.294891
222.229340
222.053772
223.077087
222.882294
223.182022
223.258804
223.504562
223.032318
223.036804
223.568176
223.552460
223.779678
223.538742
222.882141
221.943130
222.167740
220.918427
220.967621
220.737350
220.676819
220.436340
220.091797
220.947311
220.484146
220.450348
219.940674
220.869965
220.911865
220.862183
221.851974
222.280991
222.129639
222.613724
223.396774
223.130402
222.744965
222.772324
222.718918
222.744522
221.389313
221.447067
221.716919
221.495987
221.104904
222.823975
219.652084
218.911606
217.951874
218.225586
217.908569
217.234802
216.828018
216.931595
216.903091
216.599808
215.173447
215.477249
215.607056
216.133057
216.500031
216.459488
218.723892
219.635925
219.305145
218.707657
219.936188
221.310028
220.917633
220.741516
220.695923
