579.806763
583.874207
583.374634
585.226990
584.372559
583.842773
583.719482
581.063782
581.702515
576.321472
575.954224
576.265320
578.812439
578.801392
578.888123
578.111755
579.754578
578.299683
580.973328
579.713623
579.785889
580.050476
579.891602
581.888611
582.848389
584.015747
584.180908
584.802368
585.572449
585.289490
584.981201
585.251892
585.383789
585.595154
585.433044
588.442444
587.815552
589.711365
589.694824
590.255066
591.125000
592.087891
592.600281
590.737427
588.806396
587.703857
589.004761
589.337830
589.279907
589.092712
588.879517
588.721497
588.653564
589.489807
588.989563
589.340881
590.343384
589.573547
586.599548
584.087646
584.675354
584.732361
583.647827
582.349487
582.532776
582.568787
582.872681
583.190491
582.218628
584.309021
584.340881
582.302124
580.249023
583.260559
580.935120
582.290955
583.174683
580.416382
581.615295
582.300415
583.154419
582.533691
582.637817
582.031921
581.856873
583.274780
581.215332
582.283813
582.247375
582.516479
577.504211
576.890808
575.026062
573.141174
575.950378
578.616272
575.756348
574.334900
574.019470
574.025696
573.981018
573.895935
574.586243
569.019348
570.119324
570.308594
571.227051
570.917725
572.083435
571.962280
569.955994
573.853943
574.010681
574.460205
575.501526
576.028870
576.236328
577.106201
577.013855
575.114990
578.677063
578.293335
577.374451
576.728943
577.674500
576.055359
575.701111
572.552124
574.471619
577.725464
574.201660
576.276794
576.969666
576.752319
576.396301
576.538269
576.055908
576.941345
577.127502
578.197449
577.954224
585.058960
585.279175
584.405884
583.321777
584.577637
586.115112
586.860535
586.096924
586.088501
586.318237
586.749573
587.104126
586.127441
587.679688
588.034546
587.941589
586.279907
587.141907
585.546692
587.101990
586.953491
586.402893
584.790039
586.630066
585.114319
584.566895
584.551575
585.090332
585.108643
585.202637
587.553162
587.207458
587.086121
587.468933
589.672852
589.545166
591.529419
591.420898
592.053894
591.696411
591.403809
590.762024
590.765198
590.767151
590.917297
590.986389
590.840637
593.770569
592.945984
592.567505
593.104980
593.684814
593.623596
593.476929
594.573242
595.565002
595.614624
595.117859
596.004395
596.420349
596.848938
596.833923
597.350342
595.894592
598.622253
598.279358
598.153564
598.495300
599.075378
599.349060
599.381287
600.546631
600.035217
599.822754
600.460083
599.056396
599.191589
599.161560
598.774109
598.795532
599.401367
598.083191
598.084595
598.590454
598.831726
598.794312
599.144714
599.802002
600.093750
600.507141
600.528625
600.614868
602.614197
601.867920
601.975281
601.857483
601.834961
