579.806763
583.874207
583.374634
585.226990
584.372559
583.842773
583.719482
581.063782
581.702515
576.321472
575.954224
576.265320
578.812439
578.801392
578.888123
578.111755
579.754578
578.299683
580.973328
579.713623
579.785889
580.050476
579.891602
581.888611
582.848389
584.015747
584.180908
584.802368
585.572449
585.289490
584.981201
585.251892
585.383789
585.595154
585.433044
588.442444
587.815552
589.711365
589.694824
590.255066
591.125000
592.087891
592.600281
590.737427
588.806396
587.703857
589.004761
589.337830
589.279907
589.092712
588.879517
588.721497
588.653564
589.489807
588.989563
589.340881
590.343384
589.573547
586.599548
584.087646
584.675354
584.732361
583.647827
582.349487
582.532776
582.568787
582.872681
583.190491
582.218628
584.309021
584.340881
582.302124
580.249023
583.260559
580.935120
582.290955
583.174683
580.416382
581.615295
582.300415
583.154419
582.533691
582.637817
582.031921
581.856873
583.274780
581.215332
582.283813
582.247375
582.516479
577.504211
576.890808
575.026062
573.141174
575.950378
578.616272
575.756348
574.334900
574.019470
574.025696
573.981018
573.895935
574.586243
569.019348
570.119324
570.308594
571.227051
570.917725
572.083435
571.962280
569.955994
573.853943
574.010681
574.460205
575.501526
576.028870
576.236328
577.106201
577.013855
