579.806763
583.874207
583.374634
585.226990
584.372559
583.842773
583.719482
581.063782
581.702515
576.321472
575.954224
576.265320
578.812439
578.801392
578.888123
578.111755
579.754578
578.299683
580.973328
579.713623
579.785889
580.050476
579.891602
581.888611
582.848389
584.015747
584.180908
584.802368
585.572449
585.289490
584.981201
585.251892
585.383789
585.595154
585.433044
588.442444
587.815552
589.711365
589.694824
590.255066
591.125000
592.087891
592.600281
590.737427
588.806396
587.703857
589.004761
589.337830
589.279907
589.092712
588.879517
588.721497
588.653564
589.489807
588.989563
589.340881
590.343384
589.573547
586.599548
584.087646
584.675354
584.732361
583.647827
582.349487
582.532776
582.568787
582.872681
583.190491
582.218628
584.309021
584.340881
582.302124
580.249023
583.260559
580.935120
582.290955
583.174683
580.416382
581.615295
582.300415
583.154419
582.533691
582.637817
582.031921
581.856873
583.274780
581.215332
582.283813
582.247375
582.516479
577.504211
576.890808
575.026062
573.141174
575.950378
578.616272
575.756348
574.334900
574.019470
574.025696
573.981018
573.895935
574.586243
569.019348
570.119324
570.308594
571.227051
570.917725
572.083435
571.962280
569.955994
573.853943
574.010681
574.460205
575.501526
576.028870
576.236328
577.106201
577.013855
575.114990
578.677063
578.293335
577.374451
576.728943
577.674500
576.055359
575.701111
572.552124
574.471619
577.725464
574.201660
576.276794
576.969666
576.752319
576.396301
576.538269
576.055908
576.941345
577.127502
578.197449
577.954224
585.058960
585.279175
584.405884
583.321777
584.577637
586.115112
586.860535
586.096924
586.088501
586.318237
586.749573
587.104126
586.127441
587.679688
588.034546
587.941589
586.279907
587.141907
585.546692
587.101990
586.953491
586.402893
584.790039
586.630066
585.114319
584.566895
584.551575
585.090332
585.108643
585.202637
587.553162
587.207458
587.086121
587.468933
589.672852
589.545166
591.529419
591.420898
592.053894
591.696411
591.403809
590.762024
590.765198
590.767151
590.917297
590.986389
590.840637
593.770569
592.945984
592.567505
593.104980
593.684814
593.623596
593.476929
594.573242
595.565002
595.614624
595.117859
596.004395
596.420349
596.848938
596.833923
597.350342
595.894592
598.622253
598.279358
598.153564
598.495300
599.075378
599.349060
599.381287
600.546631
600.035217
599.822754
600.460083
599.056396
599.191589
599.161560
598.774109
598.795532
599.401367
598.083191
598.084595
598.590454
598.831726
598.794312
599.144714
599.802002
600.093750
600.507141
600.528625
600.614868
602.614197
601.867920
601.975281
601.857483
601.834961
602.540161
601.873291
601.686829
601.824890
602.036255
601.728027
603.175049
601.750854
602.312561
601.366760
600.155212
600.288513
600.885986
600.668823
600.475891
600.463501
600.306519
600.853455
587.987061
585.905457
587.195190
589.018127
589.400085
592.233398
591.200195
589.950684
589.490173
590.008789
590.351196
592.910889
593.017273
593.809631
592.999023
592.287170
592.619629
594.954651
594.727051
593.850037
593.764160
593.486084
592.037964
596.586304
595.457581
596.899414
596.664734
598.140747
597.276855
596.939026
596.942688
596.547546
597.161438
597.524963
598.060669
598.135681
598.302368
597.438599
596.427856
596.320068
595.835266
595.377808
595.203308
594.590332
595.537354
594.850098
595.794556
595.099548
594.919128
596.254944
594.749878
597.343567
596.638611
596.807312
596.256470
597.168091
597.960327
594.210815
597.402039
596.254333
598.108582
598.605042
597.783813
597.065857
598.854370
598.773193
598.784790
597.856934
600.731201
600.403320
600.885498
600.466919
600.686462
600.902466
602.309631
601.521545
601.836304
597.879883
596.590332
594.864563
595.151611
594.631409
593.866882
592.132507
595.347839
584.646545
587.375549
586.794189
585.459045
586.212524
585.624084
591.837463
590.426575
590.586853
592.109558
592.865295
590.648926
594.335388
594.841003
594.106079
593.468506
590.761658
589.487793
590.227600
590.274780
591.658997
590.866760
592.343262
593.548462
594.487000
593.954041
593.757996
594.620789
594.838196
593.044983
592.993347
592.963440
593.717407
595.018677
590.610352
592.177368
592.478149
592.746094
593.200073
593.277649
593.751221
595.876831
595.616943
595.919250
596.042114
597.221680
597.469543
597.378052
597.425293
597.692444
597.121155
598.539734
597.970886
597.395630
598.399597
598.596680
598.129761
597.497986
598.127014
598.574463
598.031921
596.582703
599.552979
597.828979
597.480896
598.672607
598.910706
599.216797
599.113708
599.101501
599.559814
599.168457
599.686096
600.717712
595.916748
594.649414
595.469421
594.403931
594.374634
593.973450
594.154907
593.866394
593.782166
593.392090
594.012390
596.330872
596.428711
596.652954
596.700439
597.453064
596.359680
597.981445
597.309570
597.575073
598.030457
597.847534
597.721191
597.643555
597.517822
596.655212
597.028442
597.914917
595.711426
595.687073
596.520569
596.371338
594.918335
596.553894
597.801880
597.091187
596.687317
597.635193
598.399048
598.082886
597.940735
597.918945
598.193115
598.216431
598.243958
597.180420
597.752075
597.631348
598.363281
591.800720
594.914734
595.690002
596.575500
597.438904
596.039917
596.956665
596.292664
597.078918
597.011475
597.486755
597.547974
596.239197
596.422119
596.522095
596.289673
596.234985
597.749084
597.769043
600.140869
598.760376
599.034119
600.089172
601.784485
602.389282
602.001526
601.983826
602.218018
602.389404
602.431274
602.663635
601.999634
601.672485
602.088867
602.524353
603.211243
603.149536
602.854919
602.576111
603.227478
602.873779
602.370972
602.686279
602.545959
602.346375
602.557312
602.423096
604.135315
604.365967
604.307007
604.558472
604.808655
602.552856
603.415344
602.939697
603.111633
602.339050
602.639038
604.184326
603.595154
603.591370
604.135315
604.594238
604.043884
604.250488
603.332947
603.218506
603.488464
602.805481
602.656921
602.908813
604.524780
604.133545
604.092529
605.818909
605.365234
604.547302
604.708740
604.715698
604.978699
605.565308
604.404236
604.531433
603.687805
604.250610
603.990906
600.880920
600.216309
600.449402
601.019958
601.501709
602.723938
603.085510
602.595947
602.576721
603.168701
603.080505
603.081116
603.370056
603.429871
603.294739
603.654663
603.565918
600.992004
599.629456
599.810181
596.629028
594.839417
593.245239
593.417542
593.320435
593.685608
593.316162
593.540588
593.116333
596.638123
595.833008
596.198242
595.879700
596.252747
591.523315
591.048462
593.570251
593.941345
593.819031
592.869629
590.253967
591.080200
590.901611
590.363647
591.465271
590.435669
588.419983
588.611938
590.376099
591.214294
590.627258
588.375854
585.603149
586.932739
588.483704
588.162109
588.694275
587.510742
588.541992
588.755737
589.015442
589.343750
589.333130
590.382507
590.559326
590.070740
590.086609
589.797363
591.124817
592.157898
591.121521
588.705078
585.827209
586.438660
588.165466
589.891846
588.432861
588.425293
586.971985
588.097351
591.416443
591.025208
591.580872
591.088257
588.980774
585.633606
587.176453
585.974670
587.126038
587.236511
582.478271
578.557434
579.635254
579.506775
580.053223
578.653931
578.955078
580.872192
580.787537
580.944824
580.335938
579.950867
579.820801
582.846008
580.865601
577.197266
577.565857
582.344666
588.047058
586.558899
587.002136
587.076721
587.708069
587.503601
589.291504
589.144287
589.827759
590.104553
589.385803
586.170410
585.941101
586.698120
585.499084
582.585754
579.621582
577.804016
579.331177
578.847290
578.620361
579.289185
577.488281
577.970642
577.203552
577.246765
573.941101
574.025330
569.592896
568.404114
570.554260
570.829346
574.724792
576.938782
570.254822
574.661987
574.719238
575.253418
574.373596
570.625977
576.422974
574.020874
572.832153
572.176270
570.822754
569.970215
571.244934
569.996826
575.235107
575.356079
576.992920
576.738098
576.204590
576.240906
576.317627
575.849854
577.067200
570.811157
570.459778
572.114319
570.687805
570.262329
568.529419
573.256104
568.252136
567.256897
566.450989
565.321289
567.364197
568.533569
568.826843
568.593384
568.555481
566.810974
569.460693
568.721680
568.953613
567.497253
565.947266
568.453369
564.976562
561.309998
564.975952
569.955444
569.262939
569.942017
569.399597
569.083923
568.987671
569.037598
570.179993
562.858398
564.952148
563.788269
563.542908
562.992920
561.780273
558.285522
558.548584
557.659851
555.021179
551.978210
555.911255
556.088684
554.845886
554.194946
553.213989
555.509705
557.654236
557.063660
556.964905
558.226624
554.801758
554.497375
549.296387
552.359253
549.094666
549.322449
556.893433
550.402832
551.070374
551.151123
552.601624
552.568237
550.575378
554.696167
554.825684
554.549683
555.365906
557.667053
553.810913
550.121582
554.240051
553.846863
552.720093
556.151978
553.370300
553.041809
553.261536
554.358398
555.435791
555.295410
551.117188
554.140991
553.373718
552.579346
552.916565
549.644775
550.964172
547.199646
547.664612
545.002075
549.276611
546.302795
547.558228
547.423157
548.955078
548.742737
546.163757
550.891296
550.654358
551.002014
551.217346
551.867432
553.249634
555.053284
556.822388
556.575928
555.062317
556.435364
557.430359
556.243958
556.276184
556.066772
556.829346
557.437195
554.785461
555.090271
556.647949
556.121094
557.911133
560.294678
558.275574
558.292297
559.156921
561.760071
563.683716
561.150513
561.366272
561.270264
561.957397
561.331604
561.622375
561.453674
560.627808
560.293579
560.612671
558.970642
555.155823
555.581909
554.337891
555.758118
555.543823
556.128113
555.669617
555.542786
555.694641
555.682434
555.840942
555.682800
556.190857
557.033508
556.941467
557.129272
556.670044
558.641968
558.025269
560.455078
559.328430
557.568481
563.110901
561.252686
561.387634
561.644653
562.806458
563.139282
561.381042
563.988159
561.256958
558.677124
559.855957
558.849792
561.361389
564.005249
562.375183
560.079590
559.606812
558.980286
560.373291
560.344971
560.354858
560.186584
560.261780
559.976868
558.093506
558.477783
558.829041
558.525024
555.608398
556.281616
557.957520
555.631775
560.271118
558.998474
558.657898
560.486938
560.753296
560.999634
561.193359
561.092041
560.070923
566.841003
565.752991
566.528870
566.835510
567.072327
568.724304
569.427979
569.694153
568.869812
568.949707
569.538269
569.898010
569.811035
569.890320
569.505798
569.631531
569.966675
569.020752
569.730347
570.454163
571.387512
571.138916
570.397766
571.910889
570.455933
570.829590
569.918457
569.836914
571.359680
549.331787
574.048645
571.470703
571.795593
570.991821
570.362366
570.094543
571.264893
571.553040
571.617004
569.295898
569.365417
566.441956
565.543213
564.130127
563.604980
565.046753
564.419678
563.217163
562.805176
563.807190
564.764160
565.407532
565.449646
564.242981
564.770752
564.170288
564.456543
567.040649
563.718323
562.697144
562.809387
563.812622
563.096375
563.283752
563.153381
563.047424
562.664734
563.247498
561.770325
561.818237
562.838379
562.572693
560.444702
560.148743
554.770081
554.434875
553.046204
553.039490
552.748352
552.355408
550.133423
550.682068
550.888916
550.662964
552.285095
546.999451
547.094299
547.430725
546.379944
547.669800
546.322632
548.372864
549.976624
549.810303
549.616455
553.043457
555.637329
530.544434
556.549316
553.721375
553.428894
