3334.084229
3360.516846
3341.438477
3358.542236
3350.135254
3336.591553
3340.988037
3342.416016
3342.270752
3332.984131
3331.134766
3322.758545
3337.781006
3342.995361
3338.748047
3341.479492
3348.337402
3333.337402
3339.306885
3343.251709
3352.007568
3355.291992
3363.834473
3356.604736
3355.929199
3386.648926
3378.735352
3394.145752
3384.237061
3414.817139
3407.983887
3407.392578
3418.078613
3436.002686
3466.434570
3466.061279
3469.352295
3479.352295
3464.668457
3496.144043
3461.036621
3470.734131
3449.565430
3465.934326
3462.840576
3452.552490
3454.153809
3439.972900
3456.356445
3448.676025
3464.739990
3456.538574
3470.226562
3457.704346
3455.967773
3443.115967
3433.541260
3430.665039
3444.880859
3446.201416
3466.249512
3463.409668
3482.390137
3528.437500
3565.187988
3583.450928
3573.699219
3607.118408
3624.103516
3601.207764
3616.662354
3617.712402
3610.322266
3604.213867
3598.086182
3598.069336
3599.879395
3592.865967
3598.364746
3601.794189
3595.340576
3587.073486
3591.826416
3590.249023
3604.561279
3638.165283
3645.765869
3638.433350
3609.432861
3625.989990
3636.350098
3629.162354
3633.808594
3663.814209
3659.652100
3662.292236
3659.024170
3652.353516
3638.979736
3644.627930
3639.817627
3647.033203
3634.589844
3641.816650
3633.428467
3621.937500
3611.211914
3618.248535
3615.584473
3616.482422
3616.672852
3625.365234
3631.814697
3629.951904
3630.379883
3632.914795
3640.146240
3637.890137
3648.602295
3647.291992
3637.937744
3623.986816
3652.253906
3660.360840
3666.417480
3674.458496
3682.514404
3667.354004
3652.011963
3643.223389
3647.533691
3640.091064
3657.584473
3643.521729
3653.593994
3689.578857
3717.706543
3712.960693
3675.736572
3687.807129
3692.451172
3688.741699
3671.330078
3683.879150
3692.219482
3679.213867
3699.895508
3680.508789
3686.652588
3676.897949
3673.024170
3676.439453
3671.243896
3678.203857
3663.755127
3661.096436
3642.021973
3636.814941
3639.395996
3574.353760
3462.143555
3464.847656
3446.448730
3424.649658
3387.915283
3399.507324
3364.991455
3401.727051
3382.551270
3415.428711
3391.894287
3385.503906
3363.111328
3351.698486
3355.077637
3311.049805
3359.551025
3367.995605
3348.183350
3364.730713
3350.789551
3341.519043
3361.556641
3371.322510
3347.839355
3315.409180
3265.200195
3287.867188
3282.990723
3288.137695
3301.126465
3335.079834
3327.549316
3343.677246
3347.447754
3342.086426
3325.481934
3342.471436
3329.538330
3317.448730
3289.960693
3312.751221
3318.541504
3312.059570
3302.014648
3297.015625
3220.929688
3255.176025
3324.112061
3302.243896
3250.966797
3263.255615
3196.899658
3199.795898
3211.101074
3227.203369
3220.902100
3225.035645
3239.188477
3242.877686
3256.321289
3255.827637
3266.083740
3280.415527
3297.863037
3297.890625
3304.400391
3321.234131
3312.920166
3313.000244
3245.149658
3261.698242
3247.455322
3250.149902
3318.910645
3286.100098
3297.870117
3261.104248
3268.394043
3276.472412
3268.788818
3267.361084
3247.213379
3250.740479
3239.002441
3241.260010
3248.092529
3239.103516
3236.900146
3225.610596
3245.523193
3257.032227
3275.305420
3272.367676
3268.090332
3279.787354
3272.228516
3276.411133
3272.741211
3279.108154
3278.778809
3300.877686
3307.723389
3288.323242
3284.522949
3284.386475
3290.156250
3290.682861
3286.925049
3284.399658
3280.458740
3271.030518
3267.960205
3240.727783
3240.903320
3246.463867
3254.388672
3251.380859
3267.990234
3269.097900
3286.194580
3281.746582
3289.538086
3285.498047
3280.923584
3282.598145
3267.481201
3241.308838
3270.388428
3310.360107
3260.176758
3257.891602
3244.252197
3240.296143
3226.558594
3191.903809
3203.637451
3170.171387
3156.574463
3118.180176
3057.208496
3048.152344
3061.871582
3035.325195
3051.878174
3010.180420
3022.614990
3008.688232
3026.712158
3092.876709
3113.459961
3131.319336
3137.023682
3134.282959
3140.226318
3158.864502
3159.451660
3173.507324
3162.200195
3184.989502
3171.139404
3185.014648
3246.547363
3234.066650
3217.408447
3184.064941
3211.427734
3192.233154
3201.349609
3191.818848
3213.121826
3225.293701
3214.153320
3223.632080
3216.429688
3237.300293
3225.807129
3223.175293
3232.098389
3213.718994
3242.882324
3226.559814
3230.890869
3231.142578
3234.060791
3233.624756
3200.339111
3211.638672
3200.492920
3204.272461
3302.561035
3329.168457
3334.755371
3340.228760
3327.233643
3376.472412
3438.411621
3433.950684
3434.129150
3432.693848
3454.537109
3399.310303
3407.709473
3387.312500
3365.436279
3378.246338
3370.623535
3382.898438
3385.831299
3316.849121
3340.456055
3336.060791
3354.414551
3358.997314
3329.473877
3278.662842
3337.783447
3342.178711
3345.789062
3327.234131
3347.518799
3339.367920
3322.032471
3300.120850
3311.540527
3316.795166
3389.583984
3372.370850
3361.516846
3373.117188
3368.382080
3369.732422
3375.477539
3410.283203
3404.871582
3429.693604
3424.390869
3409.619629
3404.187744
3432.586182
3424.492432
3442.482178
3416.793213
3416.229492
3438.574463
3521.038818
3473.398682
3473.996582
3478.038086
3492.553223
3469.811768
3454.310303
3385.605713
3369.662842
3296.740479
3318.590332
3289.055176
3295.874756
3271.323486
3268.304443
3314.399170
3289.335449
3325.312744
3297.203857
3308.638916
3253.045654
3260.385498
3266.420166
3290.523926
3264.468018
3274.649170
3280.421387
3307.411865
3315.083008
3352.928467
3350.696289
3332.976807
3281.014160
3301.693848
3282.187988
3273.877197
3218.973877
3225.848389
3171.522217
3149.127686
3205.738037
3271.435791
3378.632080
3375.979004
3406.634033
3439.428711
3428.936523
3416.036865
3375.287354
3229.397705
3272.800049
3214.081299
3170.931396
3201.625000
3244.481201
3270.177002
3267.426270
3289.093994
3416.483398
3374.462402
3389.641846
3360.697021
3353.429199
3375.809814
3300.914551
3344.398926
3357.818115
3333.113525
3379.565186
3288.414307
3332.836426
3341.879639
3318.688721
3282.694336
3319.098877
3281.810791
3225.518066
3251.987793
3256.549561
3261.319824
3244.723633
3223.232666
3241.558594
3253.285156
3252.196289
3275.531738
3301.730713
3303.305908
3305.947998
3308.378418
3287.806152
3295.707520
3315.382080
3353.377197
3346.260254
3333.755127
3315.857910
3336.092529
3336.209229
3329.887207
3365.007080
3329.588379
3347.025391
3333.236084
3334.640381
3320.955811
3312.053711
3290.434326
3303.114990
3300.880127
3310.771729
3328.786133
3318.121826
3285.093506
3297.051514
3280.942139
3280.455322
3288.101318
3251.422363
3265.222656
3258.575928
3260.720703
3240.047852
3244.743408
3255.043945
3235.340332
3223.832275
3228.007568
3197.146729
3216.738525
3208.676025
3235.018555
3209.655762
3197.240967
3205.730225
3214.817871
3204.108643
3235.871582
3278.197754
3259.745605
3257.433594
3269.259033
3244.217529
3208.598145
3252.944092
3250.971436
3326.072266
3338.718994
3283.911133
3300.906006
3287.446045
3305.724121
3336.087891
3412.575439
3385.292236
3382.622070
3404.343994
3403.502930
3416.463135
3401.344238
3407.323975
3397.540039
3402.911865
3386.502441
3384.179932
3402.947754
3384.440674
3372.259766
3331.197754
3334.795654
3329.395752
3312.583496
3276.385010
3298.920898
3297.520264
3322.144531
3301.169922
3298.535889
3294.717773
3294.127441
3293.518799
3286.089355
3298.528809
3309.673340
3307.752197
3309.652100
3317.989258
3337.280762
3344.252930
3345.917969
3344.084717
3342.063721
3339.220947
3342.340088
3336.905762
3320.807617
3323.862305
3334.011719
3329.915039
3341.140381
3354.298828
3343.307373
3343.730469
3340.757568
3334.170654
3300.700928
3309.869141
3315.104980
3310.305908
3310.314697
3313.514893
3317.635498
3317.815674
3340.574951
3338.757080
3340.752686
3331.593506
3298.580322
3291.439209
3234.194580
3217.428711
3197.874268
3172.418457
3186.673828
3157.688721
3142.365967
3084.554199
3073.715820
3068.026123
3083.215820
3038.665527
3061.310303
3104.823242
3100.217773
3139.885986
3132.997803
3083.707764
3074.834717
3056.525879
3078.416992
3147.951660
3158.517822
3170.247803
3182.389160
3167.541992
3168.119873
3195.128174
3203.988037
3214.154053
3214.137939
3196.384521
3198.537109
3200.351807
3198.774414
3196.632812
3188.684814
3177.144043
3177.031250
3174.036377
3183.687500
3151.781250
3170.411865
3144.816406
3149.595215
3095.762451
3055.364990
3086.636719
3078.126953
3110.802490
3110.038086
3114.239746
3131.322266
3124.616943
3132.255371
3148.474609
3157.891357
3147.805908
3130.959229
3139.136475
3136.105469
3119.524414
3103.666748
3098.104736
3102.697998
3087.199463
3113.783691
3129.207031
3127.269531
3138.234863
3141.916992
3134.207031
3116.009521
3127.213379
3140.724854
3157.525391
3203.286865
3196.894043
3196.419922
3187.417480
3193.334229
3207.295410
3223.473389
3220.390137
3224.399902
3221.645264
3265.900635
3272.154297
3256.775879
3281.810547
3274.024902
3272.813477
3273.736572
3233.829590
3248.427002
3264.114014
3249.034180
3273.614014
3272.652344
3249.294678
3232.972900
3218.978516
3249.241455
3264.984619
3242.796875
3239.396240
3269.666748
3271.480713
3338.885254
3351.364990
3355.712646
3352.320068
3432.992188
3402.696533
3377.806152
3315.599121
3343.592773
3316.631592
3321.465576
3297.315674
