3334.084229
3360.516846
3341.438477
3358.542236
3350.135254
3336.591553
3340.988037
3342.416016
3342.270752
3332.984131
3331.134766
3322.758545
3337.781006
3342.995361
3338.748047
3341.479492
3348.337402
3333.337402
3339.306885
3343.251709
3352.007568
3355.291992
3363.834473
3356.604736
3355.929199
3386.648926
3378.735352
3394.145752
3384.237061
3414.817139
3407.983887
3407.392578
3418.078613
3436.002686
3466.434570
3466.061279
3469.352295
3479.352295
3464.668457
3496.144043
3461.036621
3470.734131
3449.565430
3465.934326
3462.840576
3452.552490
3454.153809
3439.972900
3456.356445
3448.676025
3464.739990
3456.538574
3470.226562
3457.704346
3455.967773
3443.115967
3433.541260
3430.665039
3444.880859
3446.201416
3466.249512
3463.409668
3482.390137
3528.437500
3565.187988
3583.450928
3573.699219
3607.118408
3624.103516
3601.207764
3616.662354
3617.712402
3610.322266
3604.213867
3598.086182
3598.069336
3599.879395
3592.865967
3598.364746
3601.794189
3595.340576
3587.073486
3591.826416
3590.249023
3604.561279
3638.165283
3645.765869
3638.433350
3609.432861
3625.989990
3636.350098
3629.162354
3633.808594
3663.814209
3659.652100
3662.292236
3659.024170
3652.353516
3638.979736
3644.627930
3639.817627
3647.033203
3634.589844
3641.816650
3633.428467
3621.937500
3611.211914
3618.248535
3615.584473
3616.482422
3616.672852
3625.365234
3631.814697
3629.951904
3630.379883
3632.914795
3640.146240
3637.890137
3648.602295
3647.291992
3637.937744
3623.986816
3652.253906
3660.360840
3666.417480
3674.458496
3682.514404
3667.354004
3652.011963
3643.223389
3647.533691
3640.091064
3657.584473
3643.521729
3653.593994
3689.578857
3717.706543
3712.960693
3675.736572
3687.807129
3692.451172
3688.741699
3671.330078
3683.879150
3692.219482
3679.213867
3699.895508
3680.508789
3686.652588
3676.897949
3673.024170
3676.439453
3671.243896
3678.203857
3663.755127
3661.096436
3642.021973
3636.814941
3639.395996
3574.353760
3462.143555
3464.847656
3446.448730
3424.649658
3387.915283
3399.507324
3364.991455
3401.727051
