3334.084229
3360.516846
3341.438477
3358.542236
3350.135254
3336.591553
3340.988037
3342.416016
3342.270752
3332.984131
3331.134766
3322.758545
3337.781006
3342.995361
3338.748047
3341.479492
3348.337402
3333.337402
3339.306885
3343.251709
3352.007568
3355.291992
3363.834473
3356.604736
3355.929199
3386.648926
3378.735352
3394.145752
3384.237061
3414.817139
3407.983887
3407.392578
3418.078613
3436.002686
3466.434570
3466.061279
3469.352295
3479.352295
3464.668457
3496.144043
3461.036621
3470.734131
3449.565430
3465.934326
3462.840576
3452.552490
3454.153809
3439.972900
3456.356445
3448.676025
3464.739990
3456.538574
3470.226562
3457.704346
3455.967773
3443.115967
3433.541260
3430.665039
3444.880859
3446.201416
3466.249512
3463.409668
3482.390137
3528.437500
3565.187988
3583.450928
3573.699219
3607.118408
3624.103516
3601.207764
3616.662354
3617.712402
3610.322266
3604.213867
3598.086182
3598.069336
3599.879395
3592.865967
3598.364746
3601.794189
3595.340576
3587.073486
3591.826416
3590.249023
3604.561279
3638.165283
3645.765869
3638.433350
3609.432861
3625.989990
3636.350098
3629.162354
3633.808594
3663.814209
3659.652100
3662.292236
3659.024170
3652.353516
3638.979736
3644.627930
3639.817627
3647.033203
3634.589844
3641.816650
3633.428467
3621.937500
3611.211914
3618.248535
3615.584473
3616.482422
3616.672852
3625.365234
3631.814697
3629.951904
3630.379883
3632.914795
3640.146240
3637.890137
3648.602295
3647.291992
3637.937744
3623.986816
3652.253906
3660.360840
3666.417480
3674.458496
3682.514404
3667.354004
3652.011963
3643.223389
3647.533691
3640.091064
3657.584473
3643.521729
3653.593994
3689.578857
3717.706543
3712.960693
3675.736572
3687.807129
3692.451172
3688.741699
3671.330078
3683.879150
3692.219482
3679.213867
3699.895508
3680.508789
3686.652588
3676.897949
3673.024170
3676.439453
3671.243896
3678.203857
3663.755127
3661.096436
3642.021973
3636.814941
3639.395996
3574.353760
3462.143555
3464.847656
3446.448730
3424.649658
3387.915283
3399.507324
3364.991455
3401.727051
3382.551270
3415.428711
3391.894287
3385.503906
3363.111328
3351.698486
3355.077637
3311.049805
3359.551025
3367.995605
3348.183350
3364.730713
3350.789551
3341.519043
3361.556641
3371.322510
3347.839355
3315.409180
3265.200195
3287.867188
3282.990723
3288.137695
3301.126465
3335.079834
3327.549316
3343.677246
3347.447754
3342.086426
3325.481934
3342.471436
3329.538330
3317.448730
3289.960693
3312.751221
3318.541504
3312.059570
3302.014648
3297.015625
3220.929688
3255.176025
3324.112061
3302.243896
3250.966797
3263.255615
3196.899658
3199.795898
3211.101074
3227.203369
3220.902100
3225.035645
3239.188477
3242.877686
3256.321289
3255.827637
3266.083740
3280.415527
3297.863037
3297.890625
3304.400391
3321.234131
3312.920166
3313.000244
3245.149658
3261.698242
3247.455322
3250.149902
3318.910645
3286.100098
3297.870117
3261.104248
3268.394043
3276.472412
3268.788818
3267.361084
3247.213379
3250.740479
3239.002441
3241.260010
3248.092529
3239.103516
3236.900146
3225.610596
3245.523193
3257.032227
3275.305420
3272.367676
3268.090332
3279.787354
3272.228516
3276.411133
3272.741211
3279.108154
3278.778809
3300.877686
3307.723389
3288.323242
3284.522949
3284.386475
3290.156250
3290.682861
3286.925049
3284.399658
3280.458740
3271.030518
3267.960205
3240.727783
3240.903320
3246.463867
3254.388672
3251.380859
3267.990234
3269.097900
3286.194580
3281.746582
3289.538086
3285.498047
3280.923584
3282.598145
3267.481201
3241.308838
3270.388428
3310.360107
3260.176758
3257.891602
3244.252197
3240.296143
3226.558594
3191.903809
3203.637451
3170.171387
3156.574463
3118.180176
3057.208496
3048.152344
3061.871582
3035.325195
3051.878174
3010.180420
3022.614990
3008.688232
3026.712158
3092.876709
3113.459961
3131.319336
3137.023682
3134.282959
3140.226318
3158.864502
3159.451660
3173.507324
3162.200195
3184.989502
3171.139404
3185.014648
3246.547363
3234.066650
3217.408447
3184.064941
3211.427734
3192.233154
3201.349609
3191.818848
3213.121826
3225.293701
3214.153320
3223.632080
3216.429688
3237.300293
