3334.084229
3360.516846
3341.438477
3358.542236
3350.135254
3336.591553
3340.988037
3342.416016
3342.270752
3332.984131
3331.134766
3322.758545
3337.781006
3342.995361
3338.748047
3341.479492
3348.337402
3333.337402
3339.306885
3343.251709
3352.007568
3355.291992
3363.834473
3356.604736
3355.929199
3386.648926
3378.735352
3394.145752
3384.237061
3414.817139
3407.983887
3407.392578
3418.078613
3436.002686
3466.434570
3466.061279
3469.352295
3479.352295
3464.668457
3496.144043
3461.036621
3470.734131
3449.565430
3465.934326
3462.840576
3452.552490
3454.153809
3439.972900
3456.356445
3448.676025
3464.739990
3456.538574
3470.226562
3457.704346
3455.967773
3443.115967
3433.541260
3430.665039
3444.880859
3446.201416
3466.249512
3463.409668
3482.390137
3528.437500
3565.187988
3583.450928
3573.699219
3607.118408
3624.103516
3601.207764
3616.662354
3617.712402
3610.322266
3604.213867
3598.086182
3598.069336
3599.879395
3592.865967
3598.364746
3601.794189
3595.340576
3587.073486
3591.826416
3590.249023
3604.561279
3638.165283
3645.765869
3638.433350
3609.432861
3625.989990
3636.350098
3629.162354
3633.808594
3663.814209
3659.652100
3662.292236
3659.024170
3652.353516
3638.979736
3644.627930
3639.817627
3647.033203
3634.589844
3641.816650
3633.428467
3621.937500
3611.211914
3618.248535
3615.584473
3616.482422
3616.672852
3625.365234
3631.814697
3629.951904
3630.379883
3632.914795
3640.146240
3637.890137
3648.602295
3647.291992
3637.937744
3623.986816
3652.253906
3660.360840
3666.417480
3674.458496
3682.514404
3667.354004
3652.011963
3643.223389
3647.533691
3640.091064
3657.584473
3643.521729
3653.593994
3689.578857
3717.706543
3712.960693
3675.736572
3687.807129
3692.451172
3688.741699
3671.330078
3683.879150
3692.219482
3679.213867
3699.895508
3680.508789
3686.652588
3676.897949
3673.024170
3676.439453
3671.243896
3678.203857
3663.755127
3661.096436
3642.021973
3636.814941
3639.395996
3574.353760
3462.143555
3464.847656
3446.448730
3424.649658
3387.915283
3399.507324
3364.991455
3401.727051
3382.551270
3415.428711
3391.894287
3385.503906
3363.111328
3351.698486
3355.077637
3311.049805
3359.551025
3367.995605
3348.183350
3364.730713
3350.789551
3341.519043
3361.556641
3371.322510
3347.839355
3315.409180
3265.200195
3287.867188
3282.990723
3288.137695
3301.126465
3335.079834
3327.549316
3343.677246
3347.447754
3342.086426
3325.481934
3342.471436
3329.538330
3317.448730
3289.960693
3312.751221
3318.541504
3312.059570
3302.014648
3297.015625
3220.929688
3255.176025
3324.112061
3302.243896
3250.966797
3263.255615
3196.899658
3199.795898
3211.101074
3227.203369
3220.902100
3225.035645
3239.188477
3242.877686
3256.321289
3255.827637
3266.083740
3280.415527
3297.863037
3297.890625
3304.400391
3321.234131
3312.920166
3313.000244
3245.149658
3261.698242
3247.455322
3250.149902
3318.910645
3286.100098
3297.870117
3261.104248
3268.394043
3276.472412
3268.788818
3267.361084
3247.213379
3250.740479
3239.002441
3241.260010
3248.092529
3239.103516
3236.900146
3225.610596
3245.523193
3257.032227
3275.305420
3272.367676
3268.090332
3279.787354
3272.228516
3276.411133
3272.741211
3279.108154
3278.778809
3300.877686
3307.723389
3288.323242
3284.522949
3284.386475
3290.156250
3290.682861
3286.925049
3284.399658
3280.458740
3271.030518
3267.960205
3240.727783
3240.903320
3246.463867
3254.388672
3251.380859
3267.990234
3269.097900
3286.194580
3281.746582
3289.538086
3285.498047
3280.923584
3282.598145
3267.481201
3241.308838
3270.388428
3310.360107
3260.176758
3257.891602
3244.252197
3240.296143
3226.558594
3191.903809
3203.637451
3170.171387
3156.574463
3118.180176
3057.208496
3048.152344
3061.871582
3035.325195
3051.878174
3010.180420
3022.614990
3008.688232
3026.712158
3092.876709
3113.459961
3131.319336
3137.023682
3134.282959
3140.226318
3158.864502
3159.451660
3173.507324
3162.200195
3184.989502
3171.139404
3185.014648
3246.547363
3234.066650
3217.408447
3184.064941
3211.427734
3192.233154
3201.349609
3191.818848
3213.121826
3225.293701
3214.153320
3223.632080
3216.429688
3237.300293
3225.807129
3223.175293
3232.098389
3213.718994
3242.882324
3226.559814
3230.890869
3231.142578
3234.060791
3233.624756
3200.339111
3211.638672
3200.492920
3204.272461
3302.561035
3329.168457
3334.755371
3340.228760
3327.233643
3376.472412
3438.411621
3433.950684
3434.129150
3432.693848
3454.537109
3399.310303
3407.709473
3387.312500
3365.436279
3378.246338
3370.623535
3382.898438
3385.831299
3316.849121
3340.456055
3336.060791
3354.414551
3358.997314
3329.473877
3278.662842
3337.783447
3342.178711
3345.789062
3327.234131
3347.518799
3339.367920
3322.032471
3300.120850
3311.540527
3316.795166
3389.583984
3372.370850
3361.516846
3373.117188
3368.382080
3369.732422
3375.477539
3410.283203
3404.871582
3429.693604
3424.390869
3409.619629
3404.187744
3432.586182
3424.492432
3442.482178
3416.793213
3416.229492
3438.574463
3521.038818
3473.398682
3473.996582
3478.038086
3492.553223
3469.811768
3454.310303
3385.605713
3369.662842
3296.740479
3318.590332
3289.055176
3295.874756
3271.323486
3268.304443
3314.399170
3289.335449
3325.312744
3297.203857
3308.638916
3253.045654
3260.385498
3266.420166
3290.523926
3264.468018
3274.649170
3280.421387
3307.411865
3315.083008
3352.928467
3350.696289
3332.976807
3281.014160
3301.693848
3282.187988
3273.877197
3218.973877
3225.848389
3171.522217
3149.127686
3205.738037
3271.435791
3378.632080
3375.979004
3406.634033
3439.428711
3428.936523
3416.036865
3375.287354
3229.397705
3272.800049
3214.081299
3170.931396
3201.625000
3244.481201
3270.177002
3267.426270
3289.093994
3416.483398
3374.462402
3389.641846
3360.697021
3353.429199
3375.809814
3300.914551
3344.398926
3357.818115
3333.113525
3379.565186
3288.414307
3332.836426
3341.879639
3318.688721
3282.694336
3319.098877
3281.810791
3225.518066
3251.987793
3256.549561
3261.319824
3244.723633
3223.232666
3241.558594
3253.285156
3252.196289
3275.531738
3301.730713
3303.305908
3305.947998
3308.378418
3287.806152
3295.707520
3315.382080
3353.377197
3346.260254
3333.755127
3315.857910
3336.092529
3336.209229
3329.887207
3365.007080
3329.588379
3347.025391
3333.236084
3334.640381
3320.955811
3312.053711
3290.434326
3303.114990
3300.880127
3310.771729
3328.786133
3318.121826
3285.093506
3297.051514
3280.942139
3280.455322
3288.101318
3251.422363
3265.222656
3258.575928
3260.720703
3240.047852
3244.743408
3255.043945
3235.340332
3223.832275
3228.007568
3197.146729
3216.738525
3208.676025
3235.018555
3209.655762
3197.240967
3205.730225
3214.817871
3204.108643
3235.871582
3278.197754
3259.745605
3257.433594
3269.259033
3244.217529
3208.598145
3252.944092
3250.971436
3326.072266
3338.718994
3283.911133
3300.906006
3287.446045
3305.724121
3336.087891
3412.575439
3385.292236
3382.622070
3404.343994
3403.502930
3416.463135
3401.344238
3407.323975
3397.540039
3402.911865
3386.502441
3384.179932
3402.947754
3384.440674
3372.259766
3331.197754
3334.795654
3329.395752
3312.583496
3276.385010
3298.920898
3297.520264
3322.144531
3301.169922
3298.535889
3294.717773
3294.127441
3293.518799
3286.089355
3298.528809
3309.673340
3307.752197
3309.652100
3317.989258
3337.280762
3344.252930
3345.917969
3344.084717
3342.063721
3339.220947
3342.340088
3336.905762
3320.807617
3323.862305
3334.011719
3329.915039
3341.140381
3354.298828
3343.307373
3343.730469
3340.757568
3334.170654
3300.700928
3309.869141
3315.104980
3310.305908
3310.314697
3313.514893
3317.635498
3317.815674
3340.574951
3338.757080
3340.752686
3331.593506
3298.580322
3291.439209
3234.194580
3217.428711
3197.874268
3172.418457
3186.673828
3157.688721
3142.365967
3084.554199
3073.715820
3068.026123
3083.215820
3038.665527
3061.310303
3104.823242
3100.217773
3139.885986
3132.997803
3083.707764
3074.834717
3056.525879
3078.416992
3147.951660
3158.517822
3170.247803
3182.389160
3167.541992
3168.119873
3195.128174
3203.988037
3214.154053
3214.137939
3196.384521
3198.537109
3200.351807
3198.774414
3196.632812
3188.684814
3177.144043
3177.031250
3174.036377
3183.687500
3151.781250
3170.411865
3144.816406
3149.595215
3095.762451
3055.364990
3086.636719
3078.126953
3110.802490
3110.038086
3114.239746
3131.322266
3124.616943
3132.255371
3148.474609
3157.891357
3147.805908
3130.959229
3139.136475
3136.105469
3119.524414
3103.666748
3098.104736
3102.697998
3087.199463
3113.783691
3129.207031
3127.269531
3138.234863
3141.916992
3134.207031
3116.009521
3127.213379
3140.724854
3157.525391
3203.286865
3196.894043
3196.419922
3187.417480
3193.334229
3207.295410
3223.473389
3220.390137
3224.399902
3221.645264
3265.900635
3272.154297
3256.775879
3281.810547
3274.024902
3272.813477
3273.736572
3233.829590
3248.427002
3264.114014
3249.034180
3273.614014
3272.652344
3249.294678
3232.972900
3218.978516
3249.241455
3264.984619
3242.796875
3239.396240
3269.666748
3271.480713
3338.885254
3351.364990
3355.712646
3352.320068
3432.992188
3402.696533
3377.806152
3315.599121
3343.592773
3316.631592
3321.465576
3297.315674
3303.348145
3318.882324
3314.020508
3307.453369
3293.614258
3296.907227
3302.173584
3297.848389
3282.018555
3270.136719
3238.291992
3237.713623
3254.767090
3269.269287
3247.041748
3240.771973
3253.784912
3244.598877
3264.864746
3243.410400
3198.185547
3166.273193
3153.271240
3141.058838
3119.813477
3154.590820
3153.643555
3116.464355
3079.535645
3099.340088
3122.032471
3115.377930
3102.373291
3112.063965
3112.338867
3105.468506
3065.382812
3054.654541
3090.248535
3088.008789
3081.704590
3015.911133
2974.466553
2930.604004
2962.489502
2951.547119
2909.127441
2876.732178
2872.489014
2825.313232
2503.837891
2501.347656
2535.896484
2459.610352
2519.449463
2527.131836
2622.281738
2571.935059
2573.947510
2612.780518
2583.639404
2585.683105
2580.746094
2624.057617
2704.723145
2707.405273
2710.239502
2736.697021
2768.364258
2706.995605
2819.413330
2870.203613
2880.099854
2841.707031
2856.595947
2804.285889
2815.683838
2804.483887
2695.870361
2733.872070
2707.109863
2702.152100
2698.094971
2752.278076
2758.882324
2806.032959
2796.738037
2820.590820
2779.060791
2794.294434
2817.830078
2831.638184
2772.906250
2737.151611
2643.060791
2690.022705
2733.133789
2729.712891
2722.148926
2740.200684
2721.521973
2730.853760
2785.870605
2744.576660
2761.583252
2775.269043
2760.412598
2781.085938
2801.404297
2788.344971
2820.129150
2787.464844
2775.476807
2773.540039
2742.811523
2725.402344
2777.531250
2763.060059
2787.583984
2760.000977
2789.321533
2768.842773
2791.947266
2808.310303
2806.895752
2821.209229
2832.842773
2854.374023
2832.843262
2831.739014
2853.948975
2830.983398
2806.833496
2773.641846
2795.484863
2750.782471
2708.992920
2711.743896
2702.582275
2696.428467
2691.387451
2723.831543
2709.442627
2701.538818
2688.102539
2689.302002
2718.425293
2725.219727
2716.329834
2721.777588
2715.157959
2698.403564
2714.828857
2730.553711
2739.578613
2743.895752
2763.475098
2758.089355
2776.971436
2784.633789
2723.488281
2697.372070
2683.834961
2681.587402
2661.708984
2590.818604
2591.492676
2586.321777
2623.382812
2646.803955
2630.590088
2641.377441
2642.178955
2634.858887
2621.393066
2617.235840
2630.396729
2607.330566
2619.596924
2617.921387
2613.644043
2605.012451
2621.120361
2615.672852
2605.282715
2609.530029
2629.904785
2631.195801
2637.737061
2635.823486
2638.931885
2628.010986
2633.361084
2637.970459
2649.733887
2640.378662
2678.952637
2672.372314
2661.867188
2664.109375
2663.512451
2667.841553
2659.454834
2662.519531
2655.727783
2656.030273
2619.779785
2629.436523
2654.110352
2659.373779
2642.540527
2637.877686
2625.347412
2638.409180
2555.187744
2618.396484
2627.389648
2642.590820
2575.916992
2591.845703
2626.633545
2628.506836
2638.418701
2636.475342
2637.652832
2645.223877
2651.218018
2648.209473
2654.315430
2640.080811
2678.923584
2651.095215
2659.816162
2665.803467
2679.542969
2683.267578
2673.019775
2685.293457
2664.929199
2660.063965
2662.764160
2706.155273
2694.524170
2682.341797
2680.054932
2694.350586
2717.762207
2722.831787
2712.576416
2715.959229
2705.372070
2698.381104
2709.933838
2687.574219
2637.017578
2666.321289
2663.561279
2646.077881
2641.919189
2611.385742
2592.080078
2599.680664
2622.452148
2586.418945
2603.153320
2610.252930
2616.578369
2596.732178
2587.566650
2590.765381
2608.911133
2601.837891
2618.378174
2629.384521
2629.153809
2619.426514
2627.498779
2628.536621
2596.142090
2600.987061
2607.544922
2648.205811
2671.865967
2662.401367
2677.706299
2677.506348
2682.627686
2745.375732
2736.731201
2727.988525
2749.048340
2739.671875
2744.749756
2722.055176
2721.985596
2687.778076
2683.413574
2668.343994
2684.753906
2677.656494
2656.998047
2657.238770
2660.209961
2637.911865
2649.895996
2627.829834
2633.132080
2640.465820
2641.721191
2654.243408
2667.442139
2668.727295
2676.197266
2675.633057
2683.733643
2691.274414
2715.490967
2699.459961
2699.531494
2701.615967
2700.277344
2706.475586
2714.295166
2703.671143
2686.033203
2687.689697
2702.414795
2720.934814
2734.320068
2742.522705
2774.302734
2755.880859
2739.721436
2730.210938
2746.411865
2719.373047
2727.404297
2717.911377
2729.719482
2732.038086
2725.343018
2721.443359
2723.145020
2710.578857
2699.390869
2706.404541
2704.119141
2711.390869
2709.131104
2711.244385
2708.089844
2690.340820
2692.468750
2690.306885
2687.400635
2703.666016
2692.222168
2687.259766
2701.963623
2695.863770
2694.166748
2700.765869
2701.168701
2691.607178
2699.820801
2704.174316
2709.749023
2711.355713
2696.183105
2697.891357
2705.637939
2696.646484
2711.891846
2706.126953
2693.690674
2693.163818
2695.369141
2697.877441
2689.207764
2680.818604
2684.607666
2671.666748
2688.016602
2679.527588
2662.460449
2671.665527
2680.443848
2669.929932
2672.839355
2663.066895
2671.428223
2686.612305
2681.946777
2714.382812
2732.212891
2749.040283
2754.491455
2765.943115
2776.547363
2826.291504
2755.018799
2728.220703
2735.426758
2702.815186
2720.264404
2733.535156
2776.205322
2736.844727
2744.705078
2721.545410
2737.749512
2714.387451
2713.502686
2703.007568
2679.049805
2665.131104
2673.803955
2668.393066
2697.212646
2694.624268
2679.077148
2703.343506
2702.539307
2688.667969
2674.433350
2636.394043
2621.294434
2632.768066
2630.094727
2630.270264
2651.472412
2654.203613
2669.989990
2668.368164
2668.710938
2689.906738
2692.794434
2665.998291
2687.028076
2698.415039
2707.878418
2707.242432
2723.726562
2725.534180
2726.950439
2704.679932
2718.900146
2691.312988
2698.030762
2712.149902
2710.871826
2700.126953
2712.171631
2720.746826
2710.364258
2722.022949
2715.740967
2729.496582
2719.696289
2742.268799
2741.818115
2739.577148
2732.806152
2731.220215
2731.338379
2734.136963
2726.783203
2746.382568
2741.052490
2742.964844
2746.756836
2730.318115
2714.071777
2715.255859
2736.795654
2738.683838
2749.036377
2751.210449
2727.957275
2730.707031
2739.857422
2736.965332
2742.940674
2738.158447
2745.409668
2752.384521
2757.046143
2761.883301
2756.882324
2752.455322
2783.704346
2801.612549
2788.884521
2807.657471
2837.327148
2807.223877
2725.762695
2741.018066
2675.602051
2682.469482
2642.127197
2634.603027
2641.994873
2643.043701
2661.702148
2677.821045
2682.993164
2682.567139
2675.696045
2682.012695
2691.191895
2685.024658
2685.198242
2691.262695
2714.802002
2731.720703
2732.271484
2738.682373
2722.487793
2737.807617
2775.817383
2773.738037
2784.786377
2762.758545
2770.995605
2771.344971
2766.962402
2768.809570
2764.184082
2772.790283
2765.492676
2751.849121
2754.301758
2764.214600
2782.710449
2794.927490
2825.736084
2805.860107
2809.079834
2807.203613
2798.853271
2790.745850
2813.832031
2791.957031
2784.468262
2807.536133
2815.095215
2809.180908
2808.854736
2807.263428
2808.788574
2804.427490
2820.859619
2806.187012
2792.069336
2779.120117
2720.365234
2704.483154
2734.285889
2732.016602
2723.192139
2683.630127
2699.663818
2685.423340
2691.459229
2680.516357
2675.505615
2658.214111
2660.098877
2661.803955
2665.401367
2651.569824
2642.339600
2643.678955
2637.426758
2512.676758
2518.741211
2502.517090
2497.599854
2514.504150
2495.484131
2492.922363
2506.087402
2481.047852
2373.017334
2401.061035
2385.357910
2396.135986
2432.167969
2435.203369
2412.021240
2379.100342
2407.801758
2414.851807
2418.103516
2421.515137
2467.281006
2489.038574
2508.180664
2506.716064
2491.976074
2473.307373
2484.088135
2495.522949
2487.915283
2486.755371
2473.428711
2497.963623
2481.615479
2463.383545
2488.504883
2491.230713
2463.482178
2433.119141
2416.320557
2434.126709
2426.341553
2396.925781
2367.032959
2295.761230
2297.583008
2337.501221
2339.352295
2344.893066
2332.700684
2334.758301
2341.098145
2332.222412
2329.864990
2310.179199
2339.052734
2345.655273
2353.131348
2349.776855
2356.726074
2374.558838
2351.789062
2345.723145
2335.569824
2308.309082
2322.442383
2295.348145
2319.631836
2323.285400
2290.329834
2255.929199
2280.187744
2289.403076
2304.281982
2292.518799
2196.414795
2171.316650
2149.490479
2138.272217
2131.242920
2109.402344
2105.458252
2117.941895
2140.676025
2116.075439
2124.561279
2119.200928
2148.875732
2163.567383
2218.434814
2219.360840
2207.881104
2226.402832
2228.535156
2216.699463
2223.681885
2215.323975
2235.290771
2215.148193
2250.003418
2253.075684
2260.364746
2267.906494
2254.799316
2236.250000
2228.648193
2234.193115
2232.706055
2205.073730
2185.327881
2181.930420
2154.072510
2163.390381
2172.344971
2206.354492
2194.637939
2209.381592
2220.337646
2222.974365
2227.504883
2214.452148
2216.688232
2214.529785
2219.441895
2208.894043
2218.739502
2225.157715
2227.441406
2221.464111
2220.038574
2211.982910
2239.962646
2243.729248
2237.056885
2231.736084
2212.294434
2196.962402
2228.682373
2434.397705
2470.686279
2467.062744
2481.618408
2507.765869
2522.735596
2537.105713
2517.572021
2466.770508
2460.335693
2448.356201
2441.145996
2449.724121
2448.473633
2373.842285
2387.880859
2346.877197
2348.588135
2358.778076
2355.690918
2366.379639
2375.616211
2276.183838
2289.373291
2278.161133
2277.827637
2196.878418
2116.701660
2132.089111
2113.688965
2164.373047
2147.086670
2124.905273
2059.732666
2069.023438
2075.396484
2081.322998
2104.746338
2096.149902
2079.930420
2097.344727
2087.103027
2099.246826
2100.068115
2102.350586
2064.870361
2078.025391
2073.186523
2062.089600
2114.979004
2143.587891
2168.061523
2137.470459
2174.642090
2164.827148
2170.055176
2164.152344
2187.299316
2177.875732
2160.574951
2172.024902
2178.381592
2188.446533
2204.284180
2210.976074
2235.923828
2235.890625
2217.318848
2217.825928
2203.060303
2173.252930
2187.319824
2190.022949
2193.714111
2203.781250
2216.441650
2229.159912
2233.580811
2236.234131
2240.472656
2237.619629
2262.061035
2282.506104
2287.905029
2297.390625
2311.937988
2291.306641
2286.120850
2293.470947
2284.315186
2293.742920
2296.787598
2268.366455
2247.784912
2226.438232
2257.253662
2223.134033
2193.437988
2202.411865
2198.665771
2200.360107
2212.554199
2210.756348
2202.468018
2122.327148
2175.709717
2156.719971
2149.078613
2155.520996
2173.688477
2180.983643
2190.960938
2185.127197
2192.837402
2196.253906
2196.706299
2179.339600
2188.539795
2220.141846
2208.439941
2159.859863
2163.086426
2193.687012
2177.707275
2157.327637
2140.152100
2144.435547
2141.232178
2150.770020
2132.480957
2142.843018
2136.894775
2148.726807
2139.885498
2139.100342
2137.376709
2128.632080
2129.608643
2138.789062
2140.604248
2166.246582
2186.871582
2176.812256
2179.745850
2188.149414
2196.965576
2206.636475
2222.379395
2211.225342
2215.032227
2206.570557
2203.140381
2205.480713
2191.183838
2182.189697
2185.471924
2188.755371
2182.127686
2179.251709
2184.187500
2175.968262
2165.828369
2135.564453
2146.956299
2141.573730
2107.361328
2117.974365
2098.417236
2053.054688
2027.908813
2024.328857
2040.549194
2046.889160
2025.017700
2011.244507
2020.304199
2035.159912
2041.865845
2056.158936
2056.773438
2071.083740
2063.881104
2066.567139
2074.387695
2062.888916
2099.699219
2098.032471
2125.260986
2123.509521
2084.532471
2023.099365
2020.550659
2006.850708
1924.709351
1835.972168
1871.736450
1870.745972
1885.982666
1879.675415
1865.465820
1818.720093
1856.991577
1859.275757
1850.359009
1868.218506
1891.044556
1883.738281
1902.232300
1906.182495
1915.902100
1920.330688
1913.778809
1896.039307
1903.299683
1869.090942
1912.082275
1915.839722
1904.238159
1948.903198
1948.999268
1936.008423
1939.365845
1942.792725
1923.994019
1912.843384
1920.095337
1897.450928
1871.598755
1868.414185
1878.417847
1873.393066
1908.056396
1924.786133
1893.999512
1899.930176
1915.189331
1927.630371
1889.456177
1863.687988
1871.019531
1872.375610
1868.198120
1877.939941
1877.498901
1890.223633
1892.896362
1908.495483
1906.793823
1899.327759
1906.183716
1890.669678
1887.434326
1875.146729
1869.315186
1870.149780
1872.269775
1875.406494
1889.536377
1898.489380
1898.762939
1895.957642
1872.709839
1884.390381
1875.963623
1859.276367
1830.061646
1851.522583
1851.326660
1842.588013
1859.963379
1876.393066
1863.676270
1872.869629
1879.895752
1890.806152
1888.181519
1890.230103
1894.385742
1894.603394
1892.935181
1894.505249
1894.140503
1897.399292
1901.482910
1902.021973
1904.022949
1917.477295
1920.693604
1934.519287
1933.629639
1934.347534
1934.005127
1925.504272
1922.983398
1926.917603
1912.441406
1916.016724
1911.998413
1913.864136
1919.946045
1930.635132
1928.004761
1928.499268
1918.366089
1921.786987
1925.637817
1927.495361
1928.939697
1923.473633
1930.715820
1926.565674
1936.744873
1937.157349
1939.842285
1932.875244
1936.818481
1943.204834
1949.787231
1943.685669
1937.626465
1932.646118
1923.576782
1922.698975
1927.563477
1926.848511
1931.645508
1927.920532
1926.080566
1922.972168
1909.057739
1906.281494
1876.959595
1882.607788
1880.605957
1895.852539
1894.764771
1905.066895
1909.010742
1896.161621
1883.726807
1894.902954
1889.831055
1876.019653
1886.852173
1900.580078
1902.102661
1906.815063
1907.954346
1904.425293
1894.567383
1893.887695
1900.438477
1903.285645
1911.379883
1912.075439
1910.194092
1908.143433
1899.140259
1899.956177
1917.742188
1913.979248
1928.833496
1946.036865
1940.935303
1934.903564
1940.529663
1932.581421
1926.925903
1922.581543
1904.999390
1911.731567
1901.836914
1904.260986
1907.184448
1898.584839
1904.559814
1908.063599
1901.213379
1895.852539
1892.913574
1895.859619
1881.002441
1894.431274
1881.289551
1887.565918
1877.200195
1889.376343
1902.608887
1904.942993
1910.115112
1916.376831
1929.697510
1942.931763
1930.803101
1933.031860
1937.569092
1933.116333
1938.545288
1938.596680
1931.836670
1939.882446
1942.968872
1970.767822
2022.551392
2001.671265
2014.116821
2028.304932
2046.442749
2046.467773
2027.736206
2045.205933
2031.549438
2034.160034
2040.124390
2048.595947
2055.233643
2033.761841
2027.655029
2033.306274
2023.369873
2021.702393
2017.934570
2013.375977
2008.304565
2019.123291
2006.173096
1983.944580
1989.182129
1996.034546
1985.627563
2001.861694
1972.951660
1959.667847
1969.983032
1966.885864
1973.380371
1977.918579
1975.748413
1975.402466
1981.927856
1989.222900
1992.241577
1986.554443
1977.884399
1982.683594
1974.066528
1973.036011
1975.713257
1973.914307
1968.351807
1967.349487
1966.170288
1946.530518
1952.046387
1953.395996
1950.080444
1964.778442
1967.100464
1968.504150
1972.410767
1973.620483
1972.856201
1965.987915
1965.217529
1979.190552
1973.848755
1981.062378
1984.349487
1987.615601
1986.192017
1986.938232
1983.259399
1987.188965
1992.547729
1994.942261
1989.559570
1994.101318
1989.609009
1984.274536
1985.894409
1984.765381
1991.694702
1994.175293
1994.842407
1992.958008
1985.902466
1984.717529
1980.644897
1984.923706
1996.770752
2000.265381
2006.778931
1999.674683
1999.205444
2002.199707
2007.258667
2008.819336
2013.188110
2012.407349
2007.432739
2008.588745
2017.320679
2004.486816
2006.642334
1997.651855
1993.342163
1997.186157
1996.225098
1992.552612
1994.997070
1987.873169
2004.834106
1998.383423
1981.469116
1992.052856
2012.849976
2037.533447
2046.314087
2063.717773
2066.995117
2087.831055
2092.504639
2092.954590
2091.787354
2083.767822
2082.282715
2080.612549
2089.077637
2079.051758
2087.811035
2096.276855
2088.682129
2085.414062
2083.843018
2077.621826
2081.168945
2086.021973
2066.100586
2063.957031
2045.088013
2046.807617
2048.919189
2055.380127
2055.176514
2060.365234
2069.249756
2069.791748
2068.212646
2059.865967
2061.942627
2075.584961
2067.526367
2068.425537
2076.022705
2063.135010
2075.398438
2065.084473
2063.996826
2062.959717
2066.147705
2071.217773
2073.814453
2049.905273
2049.895752
2053.055664
2059.108154
2066.722900
2068.716309
2063.797852
2062.920410
2072.803955
2068.801514
2064.847412
2030.996460
2020.394287
2014.389160
2015.219482
2007.308716
1995.569824
2000.137695
2009.837769
2008.003784
2000.470459
2009.033691
2016.913330
2019.782715
2029.593994
2030.541748
2030.722534
2023.073730
2024.624023
2026.415894
2025.653320
2028.544922
2024.940918
2016.783203
2018.212891
2003.963013
2024.693604
2005.656860
2001.295166
2000.082397
2008.562256
2003.657471
2006.698853
2016.716309
2007.327148
2003.392334
2004.466675
2008.229492
2007.214844
1999.743896
1941.773926
1920.149658
1917.592896
1911.321045
1908.102905
1909.223633
1909.403076
1900.591675
1885.446289
1887.556274
1887.712036
1872.839966
1870.095825
1882.430664
1878.285034
1873.630371
1876.475342
1884.219849
1898.994141
1895.540771
1901.870483
1908.095947
1895.145996
1899.315308
1894.444336
1888.544312
1882.673218
1880.399292
1883.846436
1877.105957
1868.689941
1846.094849
1851.837646
1858.316528
1845.760498
1839.751587
1823.472290
1819.088989
1818.829102
1827.188599
1818.233521
1817.740479
1817.404419
1827.214966
1826.115356
1834.040894
1837.745483
1833.972046
1841.725586
1837.614380
1838.658569
1837.011353
1845.893799
1843.055054
1830.505859
1833.188477
1833.476318
1808.684448
1813.939697
1813.782593
1797.220581
1804.784302
1823.037598
1814.026245
1814.400146
1806.431152
1805.118408
1807.801025
1788.483765
1813.170654
1811.557373
1799.437744
1804.851685
1808.871704
1804.292114
1799.402344
1796.014771
1787.443726
1802.875854
1812.042725
1832.010620
1817.963135
1837.985352
1840.926025
1839.679810
1826.247803
1839.296265
1828.094971
1820.676270
1824.617554
1824.667236
