91806.906250
92513.632812
91843.421875
92262.562500
92026.695312
91791.039062
91975.515625
91945.820312
91898.781250
91684.500000
91656.210938
91570.273438
91685.515625
92004.593750
92190.054688
92334.078125
92563.765625
92263.835938
92309.593750
92470.757812
92743.492188
92900.312500
93058.406250
92918.414062
92728.640625
93196.414062
92985.859375
93320.492188
93124.632812
93747.343750
93646.195312
93673.257812
93893.992188
94174.093750
94727.601562
94727.546875
94765.687500
94868.367188
94524.132812
95235.101562
94531.843750
95234.718750
94784.164062
95287.132812
95282.742188
95287.625000
95192.421875
94930.835938
94995.851562
94858.843750
94985.093750
94988.875000
95067.562500
94850.101562
94802.906250
94614.273438
94407.507812
94235.054688
94603.070312
94547.812500
94795.539062
94709.335938
94583.726562
95030.726562
95475.078125
95792.617188
95948.179688
96399.976562
96480.960938
96250.703125
96203.148438
96228.656250
96113.453125
95929.476562
95981.179688
96208.382812
96135.453125
95959.390625
96068.062500
96058.632812
96187.125000
95889.664062
95690.242188
95767.593750
95848.468750
95853.414062
95937.437500
95992.257812
95682.828125
95717.742188
95973.593750
95935.523438
96117.382812
96491.257812
96299.242188
96350.171875
96176.984375
96179.031250
96090.843750
96170.875000
96125.281250
96279.351562
96283.195312
96370.945312
96214.656250
95856.726562
95666.328125
95717.390625
95640.812500
95747.835938
95693.171875
95827.109375
95975.460938
95992.078125
95740.210938
95890.234375
96017.976562
96205.531250
96404.726562
96568.992188
96301.703125
96176.554688
96612.242188
96680.609375
96878.476562
97249.992188
97384.875000
97312.187500
97147.335938
96914.859375
96865.515625
96656.656250
97066.281250
96995.453125
97292.101562
98368.593750
99598.156250
99711.195312
99443.765625
99367.492188
99407.945312
99690.742188
99259.335938
99578.906250
99768.015625
99627.429688
99507.296875
99299.937500
99301.289062
99258.625000
99314.875000
99376.359375
99262.890625
99438.593750
99289.484375
99025.062500
98534.015625
98445.812500
98326.414062
97770.070312
95968.304688
95753.484375
95292.937500
94832.398438
94548.859375
94587.179688
94588.921875
95175.054688
95007.562500
95277.125000
94970.007812
94957.328125
94650.210938
94417.734375
94595.289062
93537.382812
93849.453125
94081.906250
93651.414062
94100.968750
93367.265625
93157.585938
93570.796875
93508.234375
93686.632812
93053.039062
92392.234375
92564.398438
92547.023438
92316.976562
92749.390625
93481.796875
93307.585938
93370.179688
93236.195312
93051.171875
92366.304688
92705.312500
92746.695312
92423.750000
91643.203125
91443.382812
91858.304688
91817.281250
91832.132812
91781.937500
90500.015625
91277.390625
92504.351562
92559.765625
91193.929688
91463.101562
90436.453125
90432.406250
90609.109375
90931.109375
91018.117188
91230.703125
91516.007812
91765.710938
92073.640625
92205.695312
92327.015625
92584.687500
92810.320312
92976.898438
93096.515625
93472.539062
93352.953125
93306.335938
91991.320312
92469.859375
92105.562500
92056.132812
93919.718750
93138.117188
93583.898438
92977.507812
92931.531250
93040.421875
93007.250000
92889.421875
92742.023438
92727.546875
92531.617188
92404.281250
92670.273438
92531.070312
92553.820312
92400.406250
92626.742188
92763.015625
92883.507812
92825.648438
92691.898438
92875.789062
92707.609375
92737.398438
92469.843750
92569.648438
92531.835938
92854.281250
93168.929688
92869.359375
92884.843750
92736.125000
92843.882812
92880.773438
92888.078125
92854.140625
92837.000000
92687.664062
92623.015625
92486.437500
92247.851562
92330.539062
92542.914062
92617.890625
92907.523438
93039.804688
93287.242188
93274.453125
93358.132812
93232.085938
92932.453125
92960.492188
92651.742188
92300.273438
92810.187500
93506.531250
92530.867188
92538.867188
92559.093750
92773.960938
92478.718750
91987.000000
91922.945312
91442.015625
91266.859375
90133.101562
89408.562500
89268.890625
89631.562500
90285.132812
90590.875000
89856.140625
90441.515625
90521.578125
90757.625000
91909.976562
92480.960938
92691.789062
92829.093750
92773.929688
93092.851562
93153.640625
93143.625000
93363.570312
93178.015625
93275.453125
93128.578125
93701.093750
95145.656250
94768.054688
94672.093750
94157.828125
94453.343750
94405.148438
94572.429688
93926.781250
94614.546875
94822.109375
94638.734375
94608.906250
94582.367188
94775.218750
