91806.906250
92513.632812
91843.421875
92262.562500
92026.695312
91791.039062
91975.515625
91945.820312
91898.781250
91684.500000
91656.210938
91570.273438
91685.515625
92004.593750
92190.054688
92334.078125
92563.765625
92263.835938
92309.593750
92470.757812
92743.492188
92900.312500
93058.406250
92918.414062
92728.640625
93196.414062
92985.859375
93320.492188
93124.632812
93747.343750
93646.195312
93673.257812
93893.992188
94174.093750
94727.601562
94727.546875
94765.687500
94868.367188
94524.132812
95235.101562
94531.843750
95234.718750
94784.164062
95287.132812
95282.742188
95287.625000
95192.421875
94930.835938
94995.851562
94858.843750
94985.093750
94988.875000
95067.562500
94850.101562
94802.906250
94614.273438
94407.507812
94235.054688
94603.070312
94547.812500
94795.539062
94709.335938
94583.726562
95030.726562
95475.078125
95792.617188
95948.179688
96399.976562
96480.960938
96250.703125
96203.148438
96228.656250
96113.453125
95929.476562
95981.179688
96208.382812
96135.453125
95959.390625
96068.062500
96058.632812
96187.125000
95889.664062
95690.242188
95767.593750
95848.468750
95853.414062
95937.437500
95992.257812
95682.828125
95717.742188
95973.593750
95935.523438
96117.382812
96491.257812
96299.242188
96350.171875
96176.984375
96179.031250
96090.843750
96170.875000
96125.281250
96279.351562
96283.195312
96370.945312
96214.656250
95856.726562
95666.328125
95717.390625
95640.812500
95747.835938
95693.171875
95827.109375
95975.460938
95992.078125
95740.210938
95890.234375
96017.976562
96205.531250
96404.726562
96568.992188
96301.703125
96176.554688
96612.242188
96680.609375
96878.476562
97249.992188
97384.875000
97312.187500
97147.335938
96914.859375
96865.515625
96656.656250
97066.281250
96995.453125
97292.101562
98368.593750
99598.156250
99711.195312
99443.765625
99367.492188
99407.945312
99690.742188
99259.335938
99578.906250
99768.015625
99627.429688
99507.296875
99299.937500
99301.289062
99258.625000
99314.875000
99376.359375
99262.890625
99438.593750
99289.484375
99025.062500
98534.015625
98445.812500
98326.414062
97770.070312
95968.304688
95753.484375
95292.937500
94832.398438
94548.859375
94587.179688
94588.921875
95175.054688
