91806.906250
92513.632812
91843.421875
92262.562500
92026.695312
91791.039062
91975.515625
91945.820312
91898.781250
91684.500000
91656.210938
91570.273438
91685.515625
92004.593750
92190.054688
92334.078125
92563.765625
92263.835938
92309.593750
92470.757812
92743.492188
92900.312500
93058.406250
92918.414062
92728.640625
93196.414062
92985.859375
93320.492188
93124.632812
93747.343750
93646.195312
93673.257812
93893.992188
94174.093750
94727.601562
94727.546875
94765.687500
94868.367188
94524.132812
95235.101562
94531.843750
95234.718750
94784.164062
95287.132812
95282.742188
95287.625000
95192.421875
94930.835938
94995.851562
94858.843750
94985.093750
94988.875000
95067.562500
94850.101562
94802.906250
94614.273438
94407.507812
94235.054688
94603.070312
94547.812500
94795.539062
94709.335938
94583.726562
95030.726562
95475.078125
95792.617188
95948.179688
96399.976562
96480.960938
96250.703125
96203.148438
96228.656250
96113.453125
95929.476562
95981.179688
96208.382812
96135.453125
95959.390625
96068.062500
96058.632812
96187.125000
95889.664062
95690.242188
95767.593750
95848.468750
95853.414062
95937.437500
95992.257812
95682.828125
95717.742188
95973.593750
95935.523438
96117.382812
96491.257812
96299.242188
96350.171875
96176.984375
96179.031250
96090.843750
96170.875000
96125.281250
96279.351562
96283.195312
96370.945312
96214.656250
95856.726562
95666.328125
95717.390625
95640.812500
95747.835938
95693.171875
95827.109375
95975.460938
95992.078125
95740.210938
95890.234375
96017.976562
96205.531250
96404.726562
96568.992188
96301.703125
96176.554688
96612.242188
96680.609375
96878.476562
97249.992188
97384.875000
97312.187500
97147.335938
96914.859375
96865.515625
96656.656250
97066.281250
96995.453125
97292.101562
98368.593750
99598.156250
99711.195312
99443.765625
99367.492188
99407.945312
99690.742188
99259.335938
99578.906250
99768.015625
99627.429688
99507.296875
99299.937500
99301.289062
99258.625000
99314.875000
99376.359375
99262.890625
99438.593750
99289.484375
99025.062500
98534.015625
98445.812500
98326.414062
97770.070312
95968.304688
95753.484375
95292.937500
94832.398438
94548.859375
94587.179688
94588.921875
95175.054688
95007.562500
95277.125000
94970.007812
94957.328125
94650.210938
94417.734375
94595.289062
93537.382812
93849.453125
94081.906250
93651.414062
94100.968750
93367.265625
93157.585938
93570.796875
93508.234375
93686.632812
93053.039062
92392.234375
92564.398438
92547.023438
92316.976562
92749.390625
93481.796875
93307.585938
93370.179688
93236.195312
93051.171875
92366.304688
92705.312500
92746.695312
92423.750000
91643.203125
91443.382812
91858.304688
91817.281250
91832.132812
91781.937500
90500.015625
91277.390625
92504.351562
92559.765625
91193.929688
91463.101562
90436.453125
90432.406250
90609.109375
90931.109375
91018.117188
91230.703125
91516.007812
91765.710938
92073.640625
92205.695312
92327.015625
92584.687500
92810.320312
92976.898438
93096.515625
93472.539062
93352.953125
93306.335938
91991.320312
92469.859375
92105.562500
92056.132812
93919.718750
93138.117188
93583.898438
92977.507812
92931.531250
93040.421875
93007.250000
92889.421875
92742.023438
92727.546875
92531.617188
92404.281250
92670.273438
92531.070312
92553.820312
92400.406250
92626.742188
92763.015625
92883.507812
92825.648438
92691.898438
92875.789062
92707.609375
92737.398438
92469.843750
92569.648438
92531.835938
92854.281250
93168.929688
92869.359375
92884.843750
92736.125000
92843.882812
92880.773438
92888.078125
92854.140625
92837.000000
92687.664062
92623.015625
92486.437500
92247.851562
92330.539062
92542.914062
92617.890625
92907.523438
93039.804688
93287.242188
93274.453125
93358.132812
93232.085938
92932.453125
92960.492188
92651.742188
92300.273438
92810.187500
93506.531250
92530.867188
92538.867188
92559.093750
92773.960938
92478.718750
91987.000000
91922.945312
91442.015625
91266.859375
90133.101562
89408.562500
89268.890625
89631.562500
90285.132812
90590.875000
89856.140625
90441.515625
90521.578125
90757.625000
91909.976562
92480.960938
92691.789062
92829.093750
92773.929688
93092.851562
93153.640625
93143.625000
93363.570312
93178.015625
93275.453125
93128.578125
93701.093750
95145.656250
94768.054688
94672.093750
94157.828125
94453.343750
94405.148438
94572.429688
93926.781250
94614.546875
94822.109375
94638.734375
94608.906250
94582.367188
94775.218750
94656.195312
94953.265625
95342.914062
94905.835938
95335.703125
95216.976562
95093.523438
95144.531250
95324.765625
95247.734375
94919.695312
95005.734375
94834.273438
94998.085938
96751.578125
97219.132812
96890.460938
96905.226562
96575.765625
97264.445312
97620.359375
97413.117188
97505.242188
97527.781250
98192.203125
97669.750000
97861.710938
97457.179688
97308.679688
97405.804688
97207.000000
97553.070312
97553.867188
96845.390625
96995.054688
97040.687500
97010.140625
97195.039062
96941.984375
95650.445312
97070.554688
97135.437500
97603.632812
97380.515625
98089.257812
98049.257812
97897.195312
97631.085938
97748.101562
97873.296875
99149.242188
98718.953125
98698.835938
99036.218750
98940.445312
99004.234375
99059.328125
99602.781250
99397.000000
99788.500000
99727.007812
100169.906250
99933.484375
100718.476562
101275.921875
102116.531250
101445.046875
102038.523438
102864.632812
101959.304688
101882.515625
101682.406250
101402.710938
101855.515625
101555.609375
101583.976562
100929.625000
100908.101562
100274.929688
100735.789062
100226.757812
100596.312500
100481.304688
100511.476562
100853.906250
100752.304688
101496.164062
101224.328125
101694.375000
100612.695312
101052.851562
101264.851562
101510.476562
101236.773438
101115.359375
101427.867188
101632.429688
101315.125000
101597.531250
101915.757812
102016.000000
102060.906250
102142.234375
102495.273438
102168.695312
101552.828125
102235.453125
101845.937500
101482.218750
101921.398438
101957.406250
102138.109375
101969.914062
101982.648438
102120.562500
102059.554688
102993.546875
103128.078125
100998.382812
100728.796875
98912.187500
97563.453125
98223.765625
99270.750000
99324.835938
99621.531250
99704.992188
103774.210938
103743.718750
104805.203125
104685.359375
104586.562500
104791.007812
103760.617188
104532.976562
104485.250000
102161.406250
103429.718750
100395.000000
101166.015625
100893.906250
100887.250000
99984.242188
100779.640625
99679.742188
98749.125000
98957.992188
99820.210938
100194.281250
99727.664062
98913.257812
99524.390625
99394.328125
99803.265625
100030.117188
100431.789062
100947.171875
101582.804688
101589.531250
100617.882812
101144.414062
102008.593750
103072.570312
103694.687500
103885.937500
103171.835938
103678.023438
103051.492188
103156.296875
102972.343750
102855.242188
102674.695312
102679.085938
102641.648438
102736.812500
102481.195312
102231.234375
102354.757812
102132.062500
102244.539062
102200.710938
102367.789062
101374.765625
101614.671875
101437.710938
101042.718750
101557.117188
101183.781250
101775.945312
101536.664062
101356.960938
101161.125000
100998.250000
100640.359375
100332.062500
100076.632812
99886.242188
99534.914062
99930.468750
99720.039062
100086.390625
99687.343750
99221.343750
99223.367188
99439.203125
99181.187500
99906.406250
102136.046875
102336.171875
102304.437500
102924.718750
102563.140625
101211.914062
100758.250000
100523.859375
101250.562500
101216.359375
100834.539062
100613.656250
100429.281250
101133.687500
101750.132812
102285.343750
102131.960938
102196.078125
102557.906250
102297.601562
102513.468750
102517.007812
102608.773438
102273.218750
102792.781250
102890.726562
102744.882812
103402.015625
103306.929688
102871.390625
102079.218750
102239.375000
101958.375000
102022.648438
101659.835938
101892.679688
101742.507812
102261.835938
101839.179688
101598.460938
101530.875000
101589.695312
101560.750000
101589.039062
101723.921875
101843.664062
101914.523438
101883.445312
101793.171875
102038.929688
101853.835938
102038.109375
102105.843750
102168.390625
102106.210938
102214.414062
102203.117188
101931.320312
101796.335938
101799.781250
101848.953125
102159.992188
102256.687500
102210.546875
102123.492188
102121.179688
102151.031250
101833.273438
101883.921875
101971.890625
102042.914062
102095.859375
102082.367188
102107.109375
102081.445312
102085.234375
102268.640625
102201.312500
102091.125000
101779.414062
101574.210938
100115.601562
99310.000000
98884.507812
98606.406250
98954.078125
98107.609375
98059.382812
96817.265625
96881.773438
96847.125000
97188.562500
96295.195312
96616.468750
98175.531250
98164.835938
99385.585938
98734.914062
97569.375000
97003.671875
97002.531250
97430.984375
98894.007812
98907.789062
99189.171875
99561.101562
99399.585938
99005.843750
99834.320312
100064.859375
100327.203125
100418.476562
100205.875000
100241.843750
100271.335938
100355.406250
100186.945312
100204.195312
100065.789062
100051.000000
100090.484375
100201.601562
99770.265625
100032.476562
99697.890625
99883.023438
98879.968750
98073.804688
98793.796875
98875.179688
99205.546875
99326.437500
99299.156250
99527.382812
99490.531250
99723.156250
100178.937500
100139.093750
100151.421875
99805.218750
99969.406250
100034.398438
99724.484375
99386.234375
99527.132812
99493.234375
99585.585938
99857.171875
100248.757812
100870.476562
101415.945312
101070.929688
100880.867188
101045.812500
101288.937500
101501.976562
101834.687500
102298.265625
102555.132812
102482.851562
102326.132812
102275.906250
102203.203125
102483.445312
102432.757812
102410.382812
102171.515625
102037.867188
102887.953125
102649.796875
102761.406250
102417.960938
102651.281250
102761.664062
102120.476562
102209.070312
102233.429688
101937.328125
102065.921875
101919.671875
101590.960938
101563.984375
101282.781250
101530.554688
101708.085938
101453.921875
101309.164062
101479.953125
101509.054688
101889.632812
101882.031250
101851.250000
101665.351562
102515.367188
102218.585938
101815.781250
100140.593750
99808.812500
99221.539062
99617.953125
99727.820312
99881.531250
99925.289062
100002.484375
99918.960938
99732.921875
99787.937500
99933.210938
99870.281250
99674.164062
99534.929688
99237.906250
99204.023438
99518.671875
99736.328125
99402.007812
99368.078125
99565.257812
99431.437500
99736.539062
99524.929688
99248.265625
98941.585938
98824.203125
98354.968750
98324.062500
98823.414062
98830.109375
98181.820312
97088.554688
97342.273438
97934.796875
97976.585938
97439.734375
97591.546875
97458.109375
97239.132812
96739.132812
96142.367188
96639.921875
97014.867188
97146.226562
96232.085938
95275.898438
95113.000000
96126.960938
95756.296875
95119.054688
95907.898438
95662.867188
94645.117188
91882.742188
91995.734375
92419.062500
91310.531250
92570.335938
92308.250000
93601.898438
93601.375000
93596.781250
93948.070312
93434.156250
93156.539062
93038.367188
94738.078125
96777.773438
96591.054688
97182.578125
97739.234375
99495.820312
98858.726562
99461.585938
99355.546875
99088.609375
98833.609375
99074.398438
98620.468750
98427.585938
97933.546875
96898.156250
97275.984375
96461.953125
96330.390625
96340.507812
96726.195312
96893.312500
97254.593750
96965.007812
97792.773438
97258.867188
96990.687500
97064.679688
97276.640625
96822.609375
96626.937500
94502.398438
95718.296875
95754.914062
96254.148438
95866.359375
96006.242188
96039.351562
96043.468750
96125.546875
95697.523438
95896.320312
95689.382812
95497.226562
95782.304688
96191.195312
96066.734375
96533.507812
96273.375000
96125.687500
95990.468750
95630.000000
94879.718750
95421.148438
95366.023438
95047.656250
94639.625000
94748.539062
94913.375000
95223.570312
95413.859375
95407.132812
95645.984375
95829.351562
96310.382812
96193.695312
96146.625000
96561.390625
96913.171875
96811.367188
96345.875000
96567.398438
95888.335938
95435.648438
94760.632812
94855.718750
94494.007812
94199.171875
94988.750000
94895.632812
95029.203125
94687.820312
94652.515625
95420.195312
95584.812500
95508.312500
95490.695312
95415.945312
94904.242188
94879.617188
95116.273438
95355.125000
95349.015625
95768.046875
95957.765625
96718.367188
97527.812500
96324.984375
95913.460938
95508.523438
95770.687500
95026.023438
94023.625000
94202.648438
94238.828125
94643.625000
94778.851562
94678.960938
94870.289062
94813.609375
94468.195312
94382.453125
94183.117188
94386.140625
94090.890625
94326.781250
94222.421875
94285.570312
94226.460938
94390.546875
94261.289062
94043.898438
94281.289062
94497.492188
94643.351562
94718.890625
94612.781250
94679.140625
94631.929688
94611.843750
94719.992188
95070.031250
94868.703125
95368.343750
95299.859375
95145.031250
95112.234375
95161.664062
95179.296875
95044.625000
94909.820312
94713.445312
94684.390625
94106.148438
94310.976562
94620.468750
94608.359375
94362.398438
94388.507812
94255.429688
94474.093750
93484.226562
94046.921875
94577.515625
94840.226562
93842.703125
94020.648438
94872.039062
95013.367188
95097.632812
95232.437500
95474.804688
95699.664062
95703.468750
95758.117188
95708.531250
95440.750000
96175.093750
95370.656250
95339.414062
95380.218750
95550.640625
95601.070312
95447.750000
95417.015625
95441.843750
95454.210938
95492.156250
95793.625000
95983.500000
95803.000000
95668.125000
96045.789062
96354.210938
96376.343750
96246.382812
96202.101562
96012.257812
95967.796875
96123.062500
95806.992188
94953.312500
95068.273438
95091.921875
94523.335938
94332.414062
93698.109375
93324.734375
93517.718750
94469.843750
93780.320312
93983.921875
94199.250000
94332.414062
93784.382812
93534.429688
93746.945312
94049.101562
94009.265625
94229.507812
94488.320312
94301.867188
94167.929688
94269.554688
94167.210938
93279.054688
93859.070312
93994.960938
95049.742188
95390.882812
95033.414062
95266.687500
95113.851562
95663.875000
95805.187500
95873.195312
95823.921875
95979.789062
95533.578125
95555.867188
95048.507812
94803.335938
94241.945312
94251.328125
94135.750000
94409.687500
94324.695312
94133.937500
94033.539062
94248.562500
94057.335938
94173.726562
93600.164062
93903.296875
94142.750000
93854.804688
94426.757812
94606.625000
94563.742188
94744.453125
94865.968750
94687.718750
94694.578125
95206.828125
94890.421875
94827.976562
94941.273438
95049.437500
94996.710938
95189.765625
95120.250000
94999.539062
94788.062500
94911.531250
95332.453125
95035.976562
95665.429688
96443.039062
96194.015625
95988.070312
95309.429688
95534.632812
95226.156250
95540.015625
95508.820312
95805.289062
95840.960938
95704.578125
95577.835938
95637.625000
95535.703125
95427.031250
95552.273438
95587.375000
95684.539062
95646.218750
95766.468750
95739.570312
95640.507812
95659.179688
95574.773438
95466.570312
95580.781250
95572.070312
95569.507812
95701.304688
95570.875000
95619.148438
95627.375000
95676.242188
95570.507812
95581.265625
95561.953125
95631.437500
95531.648438
95321.898438
95243.757812
95406.289062
95264.312500
95383.312500
95209.203125
94959.109375
95063.945312
95013.125000
95135.500000
95068.343750
94994.601562
95144.390625
95014.093750
95237.984375
94974.328125
94326.031250
94473.500000
94635.828125
94401.234375
94389.585938
94226.585938
94403.843750
94522.796875
94263.843750
94324.640625
94335.078125
94288.679688
94249.125000
94588.984375
94552.304688
94904.664062
93913.492188
93621.054688
93714.523438
93585.187500
93765.156250
94151.695312
94536.921875
94095.429688
93998.578125
93846.226562
94403.023438
94233.890625
94365.039062
94241.289062
93839.648438
93619.468750
93681.531250
93486.898438
93954.851562
93929.218750
93844.304688
94325.414062
94366.882812
93756.328125
93765.554688
92939.539062
92460.945312
92275.640625
92410.789062
92510.351562
93256.453125
93490.093750
93826.445312
93544.757812
93666.820312
93980.296875
93897.890625
93491.125000
93523.593750
93808.953125
93884.546875
93847.257812
94108.554688
94452.578125
94547.835938
94338.960938
94446.187500
93974.984375
94125.101562
94439.117188
94534.492188
93898.960938
94355.328125
94322.132812
94466.101562
94655.406250
94752.070312
94948.140625
94881.039062
95208.242188
95149.835938
95290.710938
95028.875000
95022.257812
94984.765625
95235.015625
95264.585938
95425.937500
95286.867188
95478.484375
95587.664062
95089.382812
95020.515625
95564.367188
95947.765625
96266.039062
96382.140625
96434.406250
96109.750000
96137.171875
96284.562500
96226.375000
96300.468750
96124.476562
96144.679688
96192.289062
96310.601562
96361.687500
96183.898438
96204.914062
96313.750000
96545.468750
96570.562500
96809.968750
97196.085938
96725.390625
96131.804688
96194.546875
95087.914062
94689.921875
93525.179688
93258.648438
93538.226562
93959.226562
94287.414062
94328.968750
94375.343750
94474.757812
94441.601562
94536.835938
94633.453125
94541.335938
94452.031250
94365.500000
94611.132812
94614.945312
94700.523438
94914.406250
94683.625000
94671.429688
94722.687500
94646.664062
94749.421875
94594.203125
94760.679688
94705.390625
94800.343750
94769.281250
94706.695312
94782.281250
94612.703125
94578.171875
94581.890625
94550.304688
94386.023438
94509.226562
94656.890625
94528.781250
94459.781250
94350.710938
94282.195312
93954.156250
94153.031250
93819.492188
93696.085938
93668.640625
93868.023438
93946.757812
93969.875000
93988.687500
93972.070312
94001.070312
94409.187500
94408.867188
94181.914062
94036.148438
93688.132812
93557.421875
93931.906250
94057.703125
94085.179688
93763.578125
93993.164062
93860.937500
94037.859375
94000.875000
93822.218750
93000.523438
92669.375000
92727.781250
92944.765625
92524.804688
92317.875000
92343.835938
92317.734375
90955.898438
90129.312500
90380.234375
90534.640625
90852.140625
90671.671875
90453.210938
90565.757812
89851.625000
88096.656250
88132.039062
87071.382812
86991.234375
87925.726562
88083.445312
87566.828125
85973.671875
86008.406250
86203.460938
86007.093750
85846.070312
86638.421875
86862.765625
87463.140625
87497.265625
87372.507812
86872.335938
87374.312500
87651.226562
87572.992188
87396.007812
87139.742188
87593.250000
87413.460938
87221.257812
87793.710938
87914.812500
87339.179688
86710.992188
85977.671875
86368.742188
86289.648438
85608.179688
84901.523438
83227.218750
82842.617188
83294.859375
83491.273438
83330.789062
83139.429688
83611.484375
83637.320312
83240.492188
84115.500000
84034.718750
84754.164062
85099.554688
85137.226562
84941.828125
85032.539062
85822.781250
85528.437500
85195.593750
84986.484375
83910.257812
84418.492188
83403.101562
83531.789062
83519.117188
83043.187500
82463.718750
83307.187500
83606.867188
83647.359375
83213.921875
80745.570312
79963.765625
79559.335938
79526.656250
79063.617188
78502.640625
78358.476562
78142.914062
79485.625000
79152.007812
79663.671875
79898.875000
80604.210938
81188.351562
83036.625000
83357.531250
82672.796875
83476.117188
83431.968750
83216.445312
83260.234375
83157.695312
83356.804688
82884.804688
83637.468750
84175.257812
84276.562500
85085.679688
84517.164062
84042.773438
83718.976562
84257.867188
84322.773438
83874.117188
83625.437500
83742.781250
83507.101562
83686.210938
83757.101562
84200.328125
84152.203125
84262.359375
84407.726562
84461.820312
84980.054688
85018.250000
84977.945312
84931.359375
85244.351562
84698.398438
84810.460938
84669.148438
84869.265625
85165.367188
85140.929688
84691.304688
84832.789062
84907.156250
85016.062500
84904.914062
84647.265625
84083.070312
86247.648438
89702.218750
92360.031250
91260.890625
91951.125000
92657.062500
92642.031250
92631.976562
92643.195312
91767.703125
91551.015625
91722.210938
91186.148438
91319.203125
91714.617188
90194.687500
90854.367188
89998.070312
90362.039062
90971.960938
91160.421875
91423.492188
91941.398438
87939.257812
88696.015625
88727.750000
88903.921875
85969.796875
84530.179688
84897.289062
84251.570312
85466.421875
85029.351562
84898.359375
82345.554688
82925.179688
82921.882812
82420.265625
83229.609375
82830.539062
82211.218750
82873.781250
82725.546875
82954.015625
82927.890625
82779.804688
81846.914062
82222.085938
81984.593750
82578.757812
84328.578125
85602.398438
86970.546875
85687.289062
86354.671875
86287.007812
86129.062500
85679.632812
86468.937500
86299.101562
85720.054688
85787.679688
85991.828125
86311.632812
86433.554688
86558.773438
87233.945312
88568.828125
88486.054688
89009.781250
88186.171875
87324.921875
87139.984375
87662.125000
88365.273438
88400.320312
88439.453125
89117.468750
89010.195312
89094.007812
89233.984375
88735.101562
89644.312500
90319.500000
90164.804688
90774.992188
91194.390625
90465.023438
89942.320312
89779.679688
89379.578125
89871.609375
89919.187500
88788.929688
88279.179688
88474.695312
89399.015625
88016.898438
87403.046875
87180.195312
87271.828125
87748.250000
88425.718750
88937.351562
88599.320312
84471.460938
87051.914062
86038.953125
85874.710938
86435.320312
86986.398438
86981.531250
87135.210938
87158.070312
87667.968750
87969.164062
87708.382812
87795.460938
87875.320312
89072.734375
87220.976562
86103.375000
86479.523438
87312.734375
86603.351562
85867.343750
85209.546875
85599.351562
85627.773438
85580.054688
84987.414062
85067.875000
84821.148438
85317.070312
85154.109375
85352.734375
85081.273438
84975.796875
84836.335938
85024.484375
84850.359375
85102.484375
85202.507812
85249.679688
85270.218750
85037.898438
84858.984375
84944.156250
85121.609375
85175.390625
85142.273438
85252.992188
85134.218750
85326.093750
85112.843750
84954.945312
85060.117188
84989.585938
84974.257812
84849.890625
84947.515625
84747.585938
84520.656250
83845.312500
84023.273438
83593.757812
82578.507812
82670.968750
82149.148438
81613.125000
81469.335938
81757.812500
81710.226562
82161.062500
80957.375000
79534.164062
79901.210938
80414.609375
80885.687500
81310.406250
81155.242188
81727.500000
81408.625000
81451.703125
81425.359375
80520.796875
81613.023438
81397.570312
82631.578125
82318.445312
80686.531250
79055.078125
79238.617188
78199.476562
77707.468750
76904.914062
78257.179688
78475.882812
78747.039062
78691.328125
77803.820312
76929.531250
78323.273438
78545.476562
78742.179688
78960.039062
79440.367188
79295.242188
79631.914062
80300.203125
80610.695312
80945.742188
80862.125000
80390.796875
80075.265625
78975.867188
80389.250000
80506.125000
80474.679688
82336.617188
82140.867188
81896.156250
82185.132812
82204.523438
82013.531250
81851.070312
82372.945312
81532.531250
81256.351562
80911.617188
81092.109375
80562.625000
81530.937500
81740.242188
81758.632812
81581.070312
82069.023438
83063.375000
81759.539062
80682.273438
80866.187500
81072.390625
80968.929688
81731.882812
81991.296875
82182.671875
82141.976562
82693.710938
82703.445312
82498.351562
82955.382812
82814.820312
82626.210938
82358.492188
82229.671875
82353.625000
82222.906250
82064.921875
82476.718750
82234.226562
82035.437500
81593.945312
80887.101562
81114.000000
80181.062500
80025.632812
79215.539062
79965.914062
79324.890625
79528.031250
79914.257812
80498.265625
80230.585938
80618.726562
80707.046875
81311.796875
80999.734375
81077.359375
81261.023438
81159.460938
81315.335938
81692.125000
81866.929688
82124.070312
82322.632812
82482.031250
82661.054688
82587.210938
83733.406250
83774.671875
83402.421875
83599.828125
83578.554688
83191.757812
83252.296875
83467.960938
83032.429688
83343.062500
83385.742188
83577.375000
83503.046875
83489.257812
83303.765625
83222.593750
82896.296875
82953.039062
82997.476562
82963.171875
83147.070312
83182.789062
83480.726562
83172.734375
83365.210938
83369.296875
83442.789062
83257.234375
83335.015625
83411.687500
83416.906250
83413.648438
83370.093750
83287.968750
82936.929688
83013.953125
83345.570312
83417.898438
83410.632812
83264.015625
83303.421875
83293.140625
82931.828125
82733.062500
81526.593750
81873.593750
81687.289062
82432.867188
82375.703125
82683.882812
82938.406250
82741.171875
82182.710938
82289.750000
81847.890625
81225.578125
81679.476562
82118.250000
82297.671875
82277.664062
82719.500000
82640.773438
82197.718750
82282.156250
82606.242188
82590.210938
82704.218750
82395.890625
82580.476562
82122.562500
82117.468750
81987.468750
82586.609375
82496.898438
83219.046875
83493.593750
83489.328125
83002.296875
83115.500000
83098.773438
83061.945312
82852.171875
82248.906250
82444.546875
82209.171875
82078.750000
82101.218750
81553.632812
82239.140625
82336.148438
81926.820312
81908.453125
81684.046875
81508.421875
80512.312500
80989.078125
80728.335938
80996.085938
80597.335938
81007.148438
81411.765625
81157.570312
81171.953125
81496.398438
81803.617188
82185.148438
81723.539062
81971.093750
82129.140625
82058.476562
82333.492188
82292.585938
82294.187500
82495.835938
82599.929688
82544.710938
82930.929688
82801.765625
83140.234375
83331.781250
83748.648438
83602.835938
83264.523438
84599.218750
84409.000000
84362.984375
84621.195312
85097.875000
85745.742188
84977.632812
84851.945312
85017.898438
84841.390625
84644.304688
84780.609375
84712.195312
84771.054688
85160.625000
84816.031250
84131.492188
84438.843750
84280.289062
84442.031250
85043.390625
83664.820312
82827.468750
83075.367188
83023.742188
83165.257812
83501.562500
83331.250000
83131.476562
83193.226562
83446.773438
83716.726562
83629.390625
83432.203125
83643.648438
83438.789062
83201.359375
82941.468750
83022.039062
83120.835938
83152.296875
83046.531250
82484.585938
82932.375000
83213.273438
82579.093750
83097.351562
83002.500000
83102.351562
82952.546875
83204.070312
83376.859375
83169.507812
83093.507812
83190.789062
83076.921875
83186.117188
83246.406250
83351.929688
83301.507812
83323.609375
83271.015625
83223.718750
83349.156250
83401.171875
83235.507812
83235.773438
83184.312500
83037.875000
83130.703125
83156.250000
83256.484375
83263.296875
83196.179688
82973.179688
83033.453125
82989.039062
82878.226562
83036.351562
83088.289062
83245.375000
83239.117188
83134.882812
83244.906250
83259.218750
83293.656250
83353.804688
83337.203125
83469.890625
83677.546875
83716.117188
84043.937500
83880.640625
84151.062500
84212.414062
83996.359375
83966.125000
83997.398438
84089.554688
84160.078125
84335.078125
85004.031250
84952.476562
84533.578125
84828.500000
85415.468750
85722.218750
85789.000000
85983.617188
85767.203125
86265.546875
86025.632812
86630.578125
86525.195312
86200.406250
86539.601562
86785.468750
87134.406250
86873.648438
87256.429688
87262.289062
87086.453125
86698.062500
86946.992188
86310.210938
86369.554688
86450.914062
85975.210938
85761.187500
85428.523438
85451.062500
85554.906250
85445.773438
85348.148438
85605.312500
86077.328125
85994.281250
86227.914062
85949.843750
86455.039062
86829.601562
86623.382812
86654.601562
86774.953125
86684.593750
86960.804688
86716.648438
86625.382812
86344.960938
86286.054688
86498.125000
86676.820312
86207.328125
86042.437500
86192.835938
86376.921875
86734.656250
86956.640625
86793.625000
86772.742188
87029.593750
86799.867188
86651.656250
85765.742188
85687.078125
85642.257812
85425.570312
85462.953125
85124.992188
85465.257812
86112.851562
85988.539062
85729.796875
85789.851562
86141.882812
86238.742188
86424.093750
86512.953125
86381.812500
86188.570312
86217.617188
86271.835938
86299.992188
86283.507812
86071.250000
85833.726562
85657.906250
85287.046875
86134.835938
85813.312500
85710.054688
85759.203125
86039.023438
85907.468750
86157.578125
86377.695312
86185.429688
86076.687500
86185.828125
86074.390625
85839.359375
85657.703125
85203.773438
84969.937500
84639.757812
84150.343750
84155.859375
84093.109375
83904.492188
84181.171875
83980.437500
83951.000000
83143.367188
83048.296875
82782.914062
82979.742188
82857.445312
82784.171875
82802.765625
83029.890625
83433.757812
83388.468750
83376.976562
83271.890625
82877.281250
83178.875000
83071.609375
83031.054688
82813.671875
82760.562500
82928.867188
82570.742188
81981.625000
81377.617188
81539.921875
81892.945312
81584.617188
81505.492188
81282.023438
81426.453125
81434.265625
81816.406250
81579.968750
81602.351562
81485.531250
81723.531250
81865.757812
82009.226562
82367.843750
82151.210938
82183.093750
82034.179688
82250.609375
82142.734375
82433.546875
82537.640625
82188.382812
82183.429688
82130.210938
81773.937500
81881.976562
81802.125000
81389.210938
81504.414062
81797.562500
81637.625000
81650.406250
81354.742188
81524.226562
81481.562500
80774.226562
81100.750000
81051.351562
80675.492188
80984.218750
81265.398438
81163.375000
81036.882812
81028.929688
80599.171875
81292.796875
81291.140625
81882.101562
81588.546875
82555.718750
82463.265625
82372.382812
81780.554688
82369.054688
81535.335938
81556.335938
81648.390625
81501.367188
