91806.906250
92513.632812
91843.421875
92262.562500
92026.695312
91791.039062
91975.515625
91945.820312
91898.781250
91684.500000
91656.210938
91570.273438
91685.515625
92004.593750
92190.054688
92334.078125
92563.765625
92263.835938
92309.593750
92470.757812
92743.492188
92900.312500
93058.406250
92918.414062
92728.640625
93196.414062
92985.859375
93320.492188
93124.632812
93747.343750
93646.195312
93673.257812
93893.992188
94174.093750
94727.601562
94727.546875
94765.687500
94868.367188
94524.132812
95235.101562
94531.843750
95234.718750
94784.164062
95287.132812
95282.742188
95287.625000
95192.421875
94930.835938
94995.851562
94858.843750
94985.093750
94988.875000
95067.562500
94850.101562
94802.906250
94614.273438
94407.507812
94235.054688
94603.070312
94547.812500
94795.539062
94709.335938
94583.726562
95030.726562
95475.078125
95792.617188
95948.179688
96399.976562
96480.960938
96250.703125
96203.148438
96228.656250
96113.453125
95929.476562
95981.179688
96208.382812
96135.453125
95959.390625
96068.062500
96058.632812
96187.125000
95889.664062
95690.242188
95767.593750
95848.468750
95853.414062
95937.437500
95992.257812
95682.828125
95717.742188
95973.593750
95935.523438
96117.382812
96491.257812
96299.242188
96350.171875
96176.984375
96179.031250
96090.843750
96170.875000
96125.281250
96279.351562
96283.195312
96370.945312
96214.656250
95856.726562
95666.328125
95717.390625
95640.812500
95747.835938
95693.171875
95827.109375
95975.460938
95992.078125
95740.210938
95890.234375
96017.976562
96205.531250
96404.726562
96568.992188
96301.703125
96176.554688
96612.242188
96680.609375
96878.476562
97249.992188
97384.875000
97312.187500
97147.335938
96914.859375
96865.515625
96656.656250
97066.281250
96995.453125
97292.101562
98368.593750
99598.156250
99711.195312
99443.765625
99367.492188
99407.945312
99690.742188
99259.335938
99578.906250
99768.015625
99627.429688
99507.296875
99299.937500
99301.289062
99258.625000
99314.875000
99376.359375
99262.890625
99438.593750
99289.484375
99025.062500
98534.015625
98445.812500
98326.414062
97770.070312
95968.304688
95753.484375
95292.937500
94832.398438
94548.859375
94587.179688
94588.921875
95175.054688
95007.562500
95277.125000
94970.007812
94957.328125
94650.210938
94417.734375
94595.289062
93537.382812
93849.453125
94081.906250
93651.414062
94100.968750
93367.265625
93157.585938
93570.796875
93508.234375
93686.632812
93053.039062
92392.234375
92564.398438
92547.023438
92316.976562
92749.390625
93481.796875
93307.585938
93370.179688
93236.195312
93051.171875
92366.304688
92705.312500
92746.695312
92423.750000
91643.203125
91443.382812
91858.304688
91817.281250
91832.132812
91781.937500
90500.015625
91277.390625
92504.351562
92559.765625
91193.929688
91463.101562
90436.453125
90432.406250
90609.109375
90931.109375
91018.117188
91230.703125
91516.007812
91765.710938
92073.640625
92205.695312
92327.015625
92584.687500
92810.320312
92976.898438
93096.515625
93472.539062
93352.953125
93306.335938
91991.320312
92469.859375
92105.562500
92056.132812
93919.718750
93138.117188
93583.898438
92977.507812
92931.531250
93040.421875
93007.250000
92889.421875
92742.023438
92727.546875
92531.617188
92404.281250
92670.273438
92531.070312
92553.820312
92400.406250
92626.742188
92763.015625
92883.507812
92825.648438
92691.898438
92875.789062
92707.609375
92737.398438
92469.843750
92569.648438
92531.835938
92854.281250
93168.929688
92869.359375
92884.843750
92736.125000
92843.882812
92880.773438
92888.078125
92854.140625
92837.000000
92687.664062
92623.015625
92486.437500
92247.851562
92330.539062
92542.914062
92617.890625
92907.523438
93039.804688
93287.242188
93274.453125
93358.132812
93232.085938
92932.453125
92960.492188
92651.742188
92300.273438
92810.187500
93506.531250
92530.867188
92538.867188
92559.093750
92773.960938
92478.718750
91987.000000
91922.945312
91442.015625
91266.859375
90133.101562
89408.562500
89268.890625
89631.562500
90285.132812
90590.875000
89856.140625
90441.515625
90521.578125
90757.625000
91909.976562
92480.960938
92691.789062
92829.093750
92773.929688
93092.851562
93153.640625
93143.625000
93363.570312
93178.015625
93275.453125
93128.578125
93701.093750
95145.656250
94768.054688
94672.093750
94157.828125
94453.343750
94405.148438
94572.429688
93926.781250
94614.546875
94822.109375
94638.734375
94608.906250
94582.367188
94775.218750
94656.195312
94953.265625
95342.914062
94905.835938
95335.703125
95216.976562
95093.523438
95144.531250
95324.765625
95247.734375
94919.695312
95005.734375
94834.273438
94998.085938
96751.578125
97219.132812
96890.460938
96905.226562
96575.765625
97264.445312
97620.359375
97413.117188
97505.242188
97527.781250
98192.203125
97669.750000
97861.710938
97457.179688
97308.679688
97405.804688
97207.000000
97553.070312
97553.867188
96845.390625
96995.054688
97040.687500
97010.140625
97195.039062
96941.984375
95650.445312
97070.554688
97135.437500
97603.632812
97380.515625
98089.257812
98049.257812
97897.195312
97631.085938
97748.101562
97873.296875
99149.242188
98718.953125
98698.835938
99036.218750
98940.445312
99004.234375
99059.328125
99602.781250
99397.000000
99788.500000
99727.007812
100169.906250
99933.484375
100718.476562
101275.921875
102116.531250
101445.046875
102038.523438
102864.632812
101959.304688
101882.515625
101682.406250
101402.710938
101855.515625
101555.609375
101583.976562
100929.625000
100908.101562
100274.929688
100735.789062
100226.757812
100596.312500
100481.304688
100511.476562
100853.906250
100752.304688
101496.164062
101224.328125
101694.375000
100612.695312
101052.851562
101264.851562
101510.476562
101236.773438
101115.359375
101427.867188
101632.429688
101315.125000
101597.531250
101915.757812
102016.000000
102060.906250
102142.234375
102495.273438
102168.695312
101552.828125
102235.453125
101845.937500
101482.218750
101921.398438
101957.406250
102138.109375
101969.914062
101982.648438
102120.562500
102059.554688
102993.546875
103128.078125
100998.382812
100728.796875
98912.187500
97563.453125
98223.765625
99270.750000
99324.835938
99621.531250
99704.992188
103774.210938
103743.718750
104805.203125
104685.359375
104586.562500
104791.007812
103760.617188
104532.976562
104485.250000
102161.406250
103429.718750
100395.000000
101166.015625
100893.906250
100887.250000
99984.242188
100779.640625
99679.742188
98749.125000
98957.992188
99820.210938
100194.281250
99727.664062
98913.257812
99524.390625
99394.328125
99803.265625
100030.117188
100431.789062
100947.171875
101582.804688
101589.531250
100617.882812
101144.414062
102008.593750
103072.570312
103694.687500
103885.937500
103171.835938
103678.023438
103051.492188
103156.296875
102972.343750
102855.242188
102674.695312
102679.085938
102641.648438
102736.812500
102481.195312
102231.234375
102354.757812
102132.062500
102244.539062
102200.710938
102367.789062
101374.765625
101614.671875
101437.710938
101042.718750
101557.117188
101183.781250
101775.945312
101536.664062
101356.960938
101161.125000
100998.250000
100640.359375
100332.062500
100076.632812
99886.242188
99534.914062
99930.468750
99720.039062
100086.390625
99687.343750
99221.343750
99223.367188
99439.203125
99181.187500
99906.406250
102136.046875
102336.171875
102304.437500
102924.718750
102563.140625
101211.914062
100758.250000
100523.859375
101250.562500
101216.359375
100834.539062
100613.656250
100429.281250
101133.687500
101750.132812
102285.343750
102131.960938
102196.078125
102557.906250
102297.601562
102513.468750
102517.007812
102608.773438
102273.218750
102792.781250
102890.726562
102744.882812
103402.015625
103306.929688
102871.390625
102079.218750
102239.375000
101958.375000
102022.648438
101659.835938
101892.679688
101742.507812
102261.835938
101839.179688
101598.460938
101530.875000
101589.695312
101560.750000
101589.039062
101723.921875
101843.664062
101914.523438
101883.445312
101793.171875
102038.929688
101853.835938
102038.109375
102105.843750
102168.390625
102106.210938
102214.414062
102203.117188
101931.320312
101796.335938
101799.781250
101848.953125
102159.992188
102256.687500
102210.546875
102123.492188
102121.179688
102151.031250
101833.273438
101883.921875
101971.890625
102042.914062
102095.859375
102082.367188
102107.109375
102081.445312
102085.234375
102268.640625
102201.312500
102091.125000
101779.414062
101574.210938
100115.601562
99310.000000
98884.507812
98606.406250
98954.078125
98107.609375
98059.382812
96817.265625
96881.773438
96847.125000
97188.562500
96295.195312
96616.468750
98175.531250
98164.835938
99385.585938
98734.914062
97569.375000
97003.671875
97002.531250
97430.984375
98894.007812
98907.789062
99189.171875
99561.101562
99399.585938
99005.843750
99834.320312
100064.859375
100327.203125
100418.476562
100205.875000
100241.843750
100271.335938
100355.406250
100186.945312
100204.195312
100065.789062
100051.000000
100090.484375
100201.601562
99770.265625
100032.476562
99697.890625
99883.023438
98879.968750
98073.804688
98793.796875
98875.179688
99205.546875
99326.437500
99299.156250
99527.382812
99490.531250
99723.156250
100178.937500
100139.093750
100151.421875
99805.218750
99969.406250
100034.398438
99724.484375
99386.234375
99527.132812
99493.234375
99585.585938
99857.171875
100248.757812
100870.476562
101415.945312
101070.929688
100880.867188
101045.812500
101288.937500
101501.976562
101834.687500
102298.265625
102555.132812
102482.851562
102326.132812
102275.906250
102203.203125
102483.445312
102432.757812
102410.382812
102171.515625
102037.867188
102887.953125
102649.796875
102761.406250
102417.960938
102651.281250
102761.664062
102120.476562
102209.070312
102233.429688
101937.328125
102065.921875
101919.671875
101590.960938
101563.984375
101282.781250
101530.554688
101708.085938
101453.921875
101309.164062
101479.953125
101509.054688
101889.632812
101882.031250
101851.250000
101665.351562
102515.367188
102218.585938
101815.781250
100140.593750
99808.812500
99221.539062
99617.953125
99727.820312
