583.702209
583.514832
583.326294
583.152222
582.994324
582.840637
582.712830
582.595703
582.498352
582.390320
582.291443
582.195190
582.111511
582.025085
581.948242
581.880493
581.824463
581.779663
581.746033
581.718323
581.704285
581.704468
581.714844
581.732239
581.745850
581.749451
581.753540
581.741760
581.726257
581.708191
581.691406
581.675537
581.661499
581.665161
581.675415
581.688416
581.705200
581.725220
581.740845
581.749390
581.750427
581.753662
581.750671
581.740295
581.727234
581.708740
581.682495
581.645081
581.602661
581.544434
581.487610
581.418823
581.338257
581.250488
581.164917
581.093567
581.044067
581.009216
580.973450
580.922607
580.859192
580.790710
580.713867
580.627014
580.529053
580.418518
580.298340
580.179199
580.054749
579.931641
579.840393
579.769653
579.716797
579.653381
579.575134
579.484985
579.396118
579.312622
579.251526
579.197998
579.150940
579.108459
579.070374
579.025269
578.964783
578.896912
578.822815
578.746887
578.665161
578.579651
578.501282
578.432800
578.364380
578.307922
578.245605
578.184509
578.119873
578.054321
577.985291
577.915039
577.846863
577.782104
577.718262
577.655457
577.593872
577.533386
577.474243
577.416260
577.359497
577.304016
577.249878
577.197144
577.145935
577.096375
577.048462
577.002258
576.957886
576.915222
576.874268
