583.702209
583.514832
583.326294
583.152222
582.994324
582.840637
582.712830
582.595703
582.498352
582.390320
582.291443
582.195190
582.111511
582.025085
581.948242
581.880493
581.824463
581.779663
581.746033
581.718323
581.704285
581.704468
581.714844
581.732239
581.745850
581.749451
581.753540
581.741760
581.726257
581.708191
581.691406
581.675537
581.661499
581.665161
581.675415
581.688416
581.705200
581.725220
581.740845
581.749390
581.750427
581.753662
581.750671
581.740295
581.727234
581.708740
581.682495
581.645081
581.602661
581.544434
581.487610
581.418823
581.338257
581.250488
581.164917
581.093567
581.044067
581.009216
580.973450
580.922607
580.859192
580.790710
580.713867
580.627014
580.529053
580.418518
580.298340
580.179199
580.054749
579.931641
579.840393
579.769653
579.716797
579.653381
579.575134
579.484985
579.396118
579.312622
579.251526
579.197998
579.150940
579.108459
579.070374
579.025269
578.964783
578.896912
578.822815
578.746887
578.665161
578.579651
578.501282
578.432800
578.364380
578.307922
578.245605
578.184509
578.119873
578.054321
577.985291
577.915039
577.846863
577.782104
577.718262
577.655457
577.593872
577.533386
577.474243
577.416260
577.359497
577.304016
577.249878
577.197144
577.145935
577.096375
577.048462
577.002258
576.957886
576.915222
576.874268
576.835022
576.797302
576.761108
576.726135
576.692383
576.659668
576.627869
576.597046
576.567322
576.538574
576.511108
576.484802
576.459595
576.435669
576.412903
576.391174
576.370239
576.350159
576.330627
576.311768
576.293213
576.274963
576.257080
576.239258
576.221497
576.203552
576.185547
576.167419
576.148926
576.130188
576.111267
576.092224
576.072937
576.053711
576.034546
576.015442
575.996399
575.977295
575.957825
575.937683
575.916870
575.895325
575.873047
575.850098
575.826355
575.802063
575.777161
575.752197
575.726990
575.701782
575.676819
575.651917
575.627136
575.602356
575.577393
575.552368
575.527649
575.503174
575.479065
575.455322
575.431702
575.408203
575.384705
575.360962
575.337097
575.312988
575.288757
575.264465
575.240295
575.216064
575.191956
575.168030
575.144226
575.120483
575.096802
575.073120
575.049438
575.025696
575.002136
574.978516
574.955078
574.931702
574.908447
574.885376
574.862427
574.839661
574.816956
574.794495
574.772217
574.750122
574.728333
574.706665
574.685303
574.664246
574.643372
574.622803
574.602539
574.582581
574.562866
574.543518
574.524414
574.505676
574.487244
574.469055
574.451294
574.433777
574.416565
574.399658
574.383057
574.366821
574.350830
574.335266
574.320007
574.305054
574.290405
574.276062
574.261963
574.248169
574.234680
