583.702209
583.514832
583.326294
583.152222
582.994324
582.840637
582.712830
582.595703
582.498352
582.390320
582.291443
582.195190
582.111511
582.025085
581.948242
581.880493
581.824463
581.779663
581.746033
581.718323
581.704285
581.704468
581.714844
581.732239
581.745850
581.749451
581.753540
581.741760
581.726257
581.708191
581.691406
581.675537
581.661499
581.665161
581.675415
581.688416
581.705200
581.725220
581.740845
581.749390
581.750427
581.753662
581.750671
581.740295
581.727234
581.708740
581.682495
581.645081
581.602661
581.544434
581.487610
581.418823
581.338257
581.250488
581.164917
581.093567
581.044067
581.009216
580.973450
580.922607
580.859192
580.790710
580.713867
580.627014
580.529053
580.418518
580.298340
580.179199
580.054749
579.931641
579.840393
579.769653
579.716797
579.653381
579.575134
579.484985
579.396118
579.312622
579.251526
579.197998
579.150940
579.108459
579.070374
579.025269
578.964783
578.896912
578.822815
578.746887
578.665161
578.579651
578.501282
578.432800
578.364380
578.307922
578.245605
578.184509
578.119873
578.054321
577.985291
577.915039
577.846863
577.782104
577.718262
577.655457
577.593872
577.533386
577.474243
577.416260
577.359497
577.304016
577.249878
577.197144
577.145935
577.096375
577.048462
577.002258
576.957886
576.915222
576.874268
576.835022
576.797302
576.761108
576.726135
576.692383
576.659668
576.627869
576.597046
576.567322
576.538574
576.511108
576.484802
576.459595
576.435669
576.412903
576.391174
576.370239
576.350159
576.330627
576.311768
576.293213
576.274963
576.257080
576.239258
576.221497
576.203552
576.185547
576.167419
576.148926
576.130188
576.111267
576.092224
576.072937
576.053711
576.034546
576.015442
575.996399
575.977295
575.957825
575.937683
575.916870
575.895325
575.873047
575.850098
575.826355
575.802063
575.777161
575.752197
575.726990
575.701782
575.676819
575.651917
575.627136
575.602356
575.577393
575.552368
575.527649
575.503174
575.479065
575.455322
575.431702
575.408203
575.384705
575.360962
575.337097
575.312988
575.288757
575.264465
575.240295
575.216064
575.191956
575.168030
575.144226
575.120483
575.096802
575.073120
575.049438
575.025696
575.002136
574.978516
574.955078
574.931702
574.908447
574.885376
574.862427
574.839661
574.816956
574.794495
574.772217
574.750122
574.728333
574.706665
574.685303
574.664246
574.643372
574.622803
574.602539
574.582581
574.562866
574.543518
574.524414
574.505676
574.487244
574.469055
574.451294
574.433777
574.416565
574.399658
574.383057
574.366821
574.350830
574.335266
574.320007
574.305054
574.290405
574.276062
574.261963
574.248169
574.234680
574.221375
574.208435
574.195679
574.183228
574.170898
574.158813
574.146973
574.135254
574.123779
574.112488
574.101318
574.090271
574.079468
574.068787
574.058228
574.047791
574.037476
574.027222
574.017090
574.007080
573.997070
573.987122
573.977173
573.967285
573.957397
573.947510
573.937744
573.927917
573.918152
573.908508
573.898804
573.889160
573.879456
573.869995
573.860352
573.850830
573.841309
573.831909
573.822449
573.813171
573.803711
573.794434
573.785156
573.775818
573.766602
573.757324
573.748169
573.738953
573.729797
573.720703
573.711548
573.702515
573.693481
573.684387
573.675415
573.666443
573.657471
573.648499
573.639648
573.630676
573.621887
573.613098
573.604309
573.595581
573.586853
573.578186
573.569458
573.560852
573.552307
573.543762
573.535278
573.526794
573.518433
573.510132
573.501831
573.493652
573.485352
573.477356
573.469299
573.461243
573.453369
573.445496
573.437744
573.429993
573.422363
573.414795
573.407227
573.399841
573.392517
573.385254
573.378052
573.370911
573.363892
573.356934
573.350037
573.343323
573.336548
573.329956
573.323425
573.316956
573.310608
573.304260
573.298035
573.291931
573.285828
573.279846
573.273926
573.268127
573.262451
573.256714
573.251099
573.245605
573.240112
573.234680
573.229309
573.224121
573.218933
573.213806
573.208679
573.203674
573.198730
573.193787
573.188904
573.184143
573.179382
573.174622
573.170044
573.165405
573.160767
573.156250
573.151794
573.147339
573.142944
573.138611
573.134216
573.129944
573.125732
573.121460
573.117249
573.113037
573.108948
573.104858
573.100769
573.096680
573.092651
573.088745
573.084778
573.080811
573.076904
573.073059
573.069153
573.065308
573.061584
573.057739
573.053955
573.050293
573.046509
573.042786
573.039124
573.035461
573.031860
573.028198
573.024658
573.021057
573.017517
573.013916
573.010498
573.006958
573.003479
573.000000
572.996521
572.993164
572.989746
572.986328
572.982971
572.979675
572.976379
572.973022
572.969727
572.966492
572.963196
572.959961
572.956787
572.953613
572.950500
572.947327
572.944275
572.941162
572.938110
572.935059
572.932129
572.929016
572.926025
572.923096
572.920227
572.917297
572.914429
572.911621
572.908752
572.905945
572.903198
572.900452
572.897705
572.895081
572.892395
572.889709
572.887085
572.884521
572.881897
572.879395
572.876892
572.874329
572.871826
572.869446
572.867004
572.864624
572.862244
572.859924
572.857544
572.855286
572.853027
572.850708
572.848511
572.846252
572.844116
572.841919
572.839783
572.837646
572.835510
572.833496
572.831421
572.829346
572.827332
572.825378
572.823303
572.821411
572.819397
572.817505
572.815613
572.813660
572.811768
572.809937
572.808044
572.806213
572.804443
572.802673
572.800842
572.799072
572.797302
572.795593
572.793884
572.792175
572.790527
572.788818
572.787170
572.785522
572.783813
572.782227
572.780640
572.779053
572.777405
572.775879
572.774353
572.772766
572.771240
572.769714
572.768127
572.766663
572.765137
572.763672
572.762146
572.760742
572.759277
572.757812
572.756348
572.754944
572.753540
572.752136
572.750793
572.749329
572.747986
572.746643
572.745300
572.743958
572.742554
572.741333
572.739990
572.738708
572.737366
572.736084
572.734802
572.733521
572.732300
572.731018
572.729736
572.728638
572.727356
572.726135
572.724915
572.723694
572.722534
572.721375
572.720215
572.718994
572.717834
572.716675
572.715637
572.714478
572.713379
572.712219
572.711182
572.710083
572.709045
572.707947
572.706848
572.705872
572.704834
572.703735
572.702820
572.701782
572.700745
572.699707
572.698792
572.697815
572.696838
572.695862
572.694946
572.693909
572.693054
572.692078
572.691162
572.690308
572.689392
572.688477
572.687561
572.686707
572.685852
572.684998
572.684143
572.683289
572.682434
572.681641
572.680786
572.679932
572.679199
572.678406
572.677612
572.676758
572.676025
572.675232
572.674438
572.673706
572.672974
572.672180
572.671509
572.670715
572.670044
572.669250
572.668518
572.667847
572.667114
572.666443
572.665710
572.665100
572.664429
572.663757
572.663086
572.662415
572.661743
572.661072
572.660400
572.659790
572.659119
572.658447
572.657837
572.657288
572.656616
572.656006
572.655396
572.654785
572.654175
572.653625
572.653015
572.652405
572.651917
572.651245
572.650696
572.650208
572.649597
572.649048
572.648438
572.647949
572.647400
572.646851
572.646301
572.645691
572.645264
572.644714
572.644165
572.643677
572.643188
572.642639
572.642151
572.641663
572.641113
572.640686
572.640076
572.639648
572.639221
572.638733
572.638245
572.637817
572.637329
572.636841
572.636414
572.635986
572.635498
572.635071
572.634644
572.634155
572.633728
572.633301
572.632874
572.632446
572.632019
572.631531
572.631165
572.630737
572.630371
572.629944
572.629517
572.629150
572.628784
572.628357
572.627930
572.627625
572.627136
572.626831
572.626465
572.626099
572.625671
572.625305
572.625000
572.624634
572.624268
572.623901
572.623535
572.623230
572.622803
572.622498
572.622192
572.621826
572.621460
572.621155
572.620850
572.620605
572.620239
572.619873
572.619568
572.619263
572.618896
572.618591
572.618347
572.618042
572.617737
572.617432
572.617126
572.616821
572.616516
572.616272
572.616028
572.615662
572.615417
572.615173
572.614868
572.614563
572.614258
572.614075
572.613770
572.613464
572.613281
572.612915
572.612671
572.612427
572.612183
572.612000
572.611755
572.611389
572.611206
572.610962
572.610779
572.610474
572.610291
572.609985
572.609741
572.609497
572.609314
572.609070
572.608887
572.608582
572.608398
572.608154
572.607910
572.607727
572.607544
572.607239
572.607056
572.606873
572.606628
572.606445
572.606262
572.606018
572.605774
572.605591
572.605408
572.605225
572.605042
572.604797
572.604675
572.604431
572.604248
572.604065
572.603882
572.603699
572.603516
572.603333
572.603210
572.602966
572.602783
572.602600
572.602478
572.602295
572.602173
572.601990
572.601807
572.601624
572.601440
572.601257
572.601135
572.600952
572.600830
572.600708
572.600525
572.600342
572.600159
572.600037
572.599854
572.599731
572.599548
572.599426
572.599243
572.599121
572.598938
572.598877
572.598633
572.598572
572.598389
572.598267
572.598145
572.597961
572.597839
572.597717
572.597595
572.597473
572.597290
572.597168
572.597107
572.596924
572.596802
572.596680
572.596558
572.596375
572.596313
572.596252
572.596069
572.595886
572.595764
572.595642
572.595581
572.595459
572.595337
572.595215
572.595093
572.595032
572.594910
572.594788
572.594666
572.594604
572.594421
572.594299
572.594238
572.594116
572.593994
572.593933
572.593811
572.593689
572.593628
572.593506
572.593445
572.593323
572.593201
572.593079
572.592957
572.592834
572.592773
572.592651
572.592590
572.592468
572.592407
572.592346
572.592224
572.592163
572.592041
572.592041
572.591919
572.591858
572.591675
572.591614
572.591553
572.591431
572.591370
572.591309
572.591248
572.591125
572.591064
572.590942
572.590942
572.590820
572.590759
572.590698
572.590637
572.590576
572.590515
572.590393
572.590271
572.590210
572.590088
572.590088
572.589966
572.589905
572.589905
572.589783
572.589722
572.589661
572.589600
572.589539
572.589478
572.589355
572.589294
572.589233
572.589233
572.589172
572.589050
572.588989
572.588989
572.588806
572.588806
572.588745
572.588684
572.588623
572.588562
572.588562
572.588440
572.588440
572.588379
572.588318
572.588257
572.588196
572.588135
572.588135
572.588074
572.588013
572.587952
572.587891
572.587830
572.587830
572.587769
572.587646
572.587646
572.587585
572.587585
572.587524
572.587402
572.587341
572.587280
572.587280
572.587219
572.587158
572.587097
572.587097
572.587036
572.586975
572.586914
572.586914
572.586853
572.586792
572.586792
572.586731
572.586670
572.586609
572.586609
572.586548
572.586548
572.586487
572.586426
572.586426
572.586365
572.586365
572.586304
572.586243
572.586243
572.586182
572.586182
572.586121
572.585999
572.585999
572.585938
572.585938
572.585876
572.585815
572.585754
572.585754
572.585754
572.585693
572.585632
572.585632
572.585571
572.585571
572.585510
572.585449
572.585449
572.585388
572.585388
572.585327
572.585327
572.585266
572.585266
572.585205
572.585205
572.585144
572.585083
572.585083
572.585022
572.585022
572.585022
572.584961
572.584900
572.584900
572.584900
572.584839
572.584839
572.584778
572.584778
572.584778
572.584717
572.584778
572.584717
572.584656
572.584656
572.584534
572.584534
572.584534
572.584473
572.584473
572.584473
572.584412
572.584412
572.584351
572.584351
572.584351
572.584351
572.584290
572.584229
572.584229
572.584229
572.584167
572.584167
572.584167
572.584167
572.584106
572.584106
572.584045
