3358.201904
3359.389160
3360.114258
3360.548340
3360.985596
3361.299805
3361.720459
3362.034912
3362.212402
3362.417969
3362.604248
3362.751465
3362.919189
3363.035156
3363.172119
3363.333984
3363.484131
3363.700684
3363.911621
3364.238281
3364.568848
3364.875977
3365.218506
3365.567139
3365.910156
3366.224609
3366.514893
3366.744385
3366.925781
3367.105957
3367.291504
3367.423584
3367.594971
3367.788086
3368.004883
3368.262207
3368.547363
3368.855713
3369.149414
3369.413330
3369.701172
3369.964111
3370.231934
3370.525635
3370.791992
3371.074219
3371.366455
3371.652100
3371.929199
3372.150146
3372.425781
3372.701904
3372.981934
3373.272461
3373.574219
3373.920654
3374.311279
3374.741211
3375.142090
3375.477539
3375.772217
3376.052979
3376.291992
3376.518311
3376.756348
3377.013916
3377.327881
3377.668457
3378.040039
3378.373291
3378.659180
3378.963135
3379.238525
3379.521973
3379.851074
3380.156982
3380.461914
3380.768555
3381.075439
3381.377930
3381.665771
3381.969238
3382.283203
3382.615967
3382.974609
3383.338867
3383.723145
3384.103760
3384.477783
3384.842529
3385.163086
3385.463379
3385.732910
3386.004883
3386.297363
3386.570068
3386.858154
3387.153564
3387.458984
3387.767822
3388.086914
3388.389893
3388.690186
3388.993896
3389.294922
3389.595703
3389.894043
3390.191895
3390.487061
3390.781494
3391.075439
3391.372314
3391.664551
3391.960693
3392.245361
3392.536865
3392.822266
3393.110840
3393.396240
3393.680420
3393.965332
3394.250732
3394.535400
3394.814453
3395.094971
3395.377930
3395.657715
3395.929443
3396.206299
3396.474854
3396.755371
3397.027588
3397.293701
3397.567139
3397.834229
3398.102783
3398.367676
3398.635742
3398.891602
3399.163086
3399.421143
3399.688232
3399.948975
3400.201660
3400.454590
3400.709473
3400.963379
3401.212646
3401.466309
3401.714355
3401.961182
3402.210449
3402.457275
3402.700195
3402.943604
3403.186035
3403.428955
3403.664795
3403.901611
3404.140137
3404.373779
3404.606934
3404.847656
3405.072021
3405.305908
3405.533447
3405.761475
3405.991943
