3358.201904
3359.389160
3360.114258
3360.548340
3360.985596
3361.299805
3361.720459
3362.034912
3362.212402
3362.417969
3362.604248
3362.751465
3362.919189
3363.035156
3363.172119
3363.333984
3363.484131
3363.700684
3363.911621
3364.238281
3364.568848
3364.875977
3365.218506
3365.567139
3365.910156
3366.224609
3366.514893
3366.744385
3366.925781
3367.105957
3367.291504
3367.423584
3367.594971
3367.788086
3368.004883
3368.262207
3368.547363
3368.855713
3369.149414
3369.413330
3369.701172
3369.964111
3370.231934
3370.525635
3370.791992
3371.074219
3371.366455
3371.652100
3371.929199
3372.150146
3372.425781
3372.701904
3372.981934
3373.272461
3373.574219
3373.920654
3374.311279
3374.741211
3375.142090
3375.477539
3375.772217
3376.052979
3376.291992
3376.518311
3376.756348
3377.013916
3377.327881
3377.668457
3378.040039
3378.373291
3378.659180
3378.963135
3379.238525
3379.521973
3379.851074
3380.156982
3380.461914
3380.768555
3381.075439
3381.377930
3381.665771
3381.969238
3382.283203
3382.615967
3382.974609
3383.338867
3383.723145
3384.103760
3384.477783
3384.842529
3385.163086
3385.463379
3385.732910
3386.004883
3386.297363
3386.570068
3386.858154
3387.153564
3387.458984
3387.767822
3388.086914
3388.389893
3388.690186
3388.993896
3389.294922
3389.595703
3389.894043
3390.191895
3390.487061
3390.781494
3391.075439
3391.372314
3391.664551
3391.960693
3392.245361
3392.536865
3392.822266
3393.110840
3393.396240
3393.680420
3393.965332
3394.250732
3394.535400
3394.814453
3395.094971
3395.377930
3395.657715
3395.929443
3396.206299
3396.474854
3396.755371
3397.027588
3397.293701
3397.567139
3397.834229
3398.102783
3398.367676
3398.635742
3398.891602
3399.163086
3399.421143
3399.688232
3399.948975
3400.201660
3400.454590
3400.709473
3400.963379
3401.212646
3401.466309
3401.714355
3401.961182
3402.210449
3402.457275
3402.700195
3402.943604
3403.186035
3403.428955
3403.664795
3403.901611
3404.140137
3404.373779
3404.606934
3404.847656
3405.072021
3405.305908
3405.533447
3405.761475
3405.991943
3406.215820
3406.437012
3406.659912
3406.879395
3407.097168
3407.316895
3407.535156
3407.750488
3407.960205
3408.176270
3408.386719
3408.597900
3408.812012
3409.017090
3409.221680
3409.429932
3409.636719
3409.838867
3410.042725
3410.242920
3410.447021
3410.639160
3410.844238
3411.034912
3411.229004
3411.423584
3411.616699
3411.808594
3412.001465
3412.190430
3412.380859
3412.563232
3412.751221
3412.937744
3413.122070
3413.303955
3413.486328
3413.666504
3413.840088
3414.019775
3414.195557
3414.366699
3414.548096
3414.719482
3414.889160
3415.055664
3415.229980
3415.398193
3415.566406
3415.732178
3415.900146
3416.063232
3416.223145
3416.382324
3416.545410
3416.699707
3416.859375
3417.018555
3417.173096
3417.328857
3417.482178
3417.637207
3417.792969
3417.938232
3418.088867
3418.240967
3418.390625
3418.534912
3418.685791
3418.826172
3418.972412
3419.112061
3419.251709
3419.392334
3419.539062
3419.676025
3419.810791
3419.947510
3420.082520
3420.217529
3420.356689
3420.489014
3420.621094
3420.750000
3420.878418
3421.012451
3421.140381
3421.267334
3421.392334
3421.522705
3421.646240
3421.769531
3421.898682
3422.016602
3422.138184
3422.257324
3422.379150
3422.495605
3422.615479
3422.734375
3422.851074
3422.966553
3423.080811
3423.196533
3423.304199
3423.420898
3423.531738
3423.642578
3423.750732
3423.860107
3423.969727
3424.074219
3424.180420
3424.287109
3424.392578
3424.495605
3424.600342
3424.702148
3424.812012
3424.913086
3425.013916
3425.114746
3425.210449
3425.309326
3425.408691
3425.503174
3425.599121
3425.695557
3425.788574
3425.880859
3425.978760
3426.070312
3426.159180
3426.252197
3426.342529
3426.429443
3426.521484
3426.610840
3426.695068
3426.785156
3426.870361
3426.960205
3427.043945
3427.131104
3427.217285
3427.304443
3427.386230
3427.467529
3427.546875
3427.628906
3427.709473
3427.786377
3427.864746
3427.943848
3428.023438
3428.104736
3428.176758
3428.256348
3428.331543
3428.402832
3428.479004
3428.555176
3428.626221
3428.702148
3428.774902
3428.844971
3428.916748
3428.988037
3429.059570
3429.129639
3429.199707
3429.262451
3429.329590
3429.397217
3429.465332
3429.531250
3429.598877
3429.663818
3429.726074
3429.791748
3429.858643
3429.919434
3429.980957
3430.045166
3430.107666
3430.166748
3430.230225
3430.290771
3430.351074
3430.409424
3430.467529
3430.525879
3430.581787
3430.641357
3430.697266
3430.753174
3430.809082
3430.863525
3430.923096
3430.973877
3431.031738
3431.088623
3431.143555
3431.196045
3431.250488
3431.298096
3431.350586
3431.402832
3431.456055
3431.507812
3431.560791
3431.611328
3431.661133
3431.708740
3431.756592
3431.808350
3431.855713
3431.903564
3431.948975
3431.997070
3432.044678
3432.087402
3432.135498
3432.180420
3432.224365
3432.271484
3432.316650
3432.361572
3432.404297
3432.447998
3432.492676
3432.532471
3432.575928
3432.615723
3432.656982
3432.698975
3432.742676
3432.784180
3432.821533
3432.861816
3432.902100
3432.940674
3432.980225
3433.018311
3433.061523
3433.099854
3433.136719
3433.176025
3433.209961
3433.246094
3433.283447
3433.318848
3433.354980
3433.390137
3433.421875
3433.460449
3433.495850
3433.530518
3433.564941
3433.599609
3433.632568
3433.670410
3433.701904
3433.737793
3433.770996
3433.803955
3433.837402
3433.869385
3433.899902
3433.933838
3433.964355
3433.990967
3434.020996
3434.053467
3434.084717
3434.116699
3434.145264
3434.175537
3434.201172
3434.230713
3434.261963
3434.288818
3434.318359
3434.348633
3434.376709
3434.401367
3434.429688
3434.457031
3434.484863
3434.512451
3434.538330
3434.564209
3434.591309
3434.619141
3434.643799
3434.671875
3434.698242
3434.720703
3434.748779
3434.771729
3434.794189
3434.820557
3434.843506
3434.866211
3434.891113
3434.915039
3434.940430
3434.965576
3434.985352
3435.008057
3435.029297
3435.053467
3435.074707
3435.094727
3435.117188
3435.142334
3435.162354
3435.184814
3435.204834
3435.227051
3435.247559
3435.267822
3435.287109
3435.306396
3435.326416
3435.345215
3435.364990
3435.383301
3435.404541
3435.424561
3435.444336
3435.461914
3435.481689
3435.500977
3435.518066
3435.537842
3435.554932
3435.571533
3435.590088
3435.606934
3435.623291
3435.643311
3435.659424
3435.678711
3435.697998
3435.714111
3435.732422
3435.746826
3435.763916
3435.781250
3435.799561
3435.814453
3435.830811
3435.847412
3435.862793
3435.879883
3435.896484
3435.912354
3435.927734
3435.943848
3435.958252
3435.975342
3435.992676
3436.006836
3436.018799
3436.031250
3436.047119
3436.064453
3436.078613
3436.093018
3436.107910
3436.118896
3436.132568
3436.147217
3436.161133
3436.175293
3436.187988
3436.203369
3436.214111
3436.228760
3436.240967
3436.253906
3436.267822
3436.281494
3436.292480
3436.304688
3436.317627
3436.329346
3436.342041
3436.355469
3436.368652
3436.378662
3436.388672
3436.401855
3436.414551
3436.426270
3436.436279
3436.449219
3436.461670
3436.475098
3436.487793
3436.500732
3436.510010
3436.522705
3436.531250
3436.540527
3436.549805
3436.560059
3436.572510
3436.583252
3436.591797
3436.602295
3436.612061
3436.624023
3436.632080
3436.641602
3436.651123
3436.660156
3436.669434
3436.679688
3436.691162
3436.699951
3436.710938
3436.719971
3436.726807
3436.735840
3436.745850
3436.753662
3436.762939
3436.772217
3436.780518
3436.790039
3436.799072
3436.808105
3436.815674
3436.823242
3436.831055
3436.838379
3436.843994
3436.851074
3436.860840
3436.870605
3436.878906
3436.886230
3436.893799
3436.900635
3436.907227
3436.916016
3436.923096
3436.929688
3436.938965
3436.945557
3436.953369
3436.963135
3436.970947
3436.977051
3436.983154
3436.990479
3436.996826
3437.005371
3437.012695
3437.017334
3437.023438
3437.030273
3437.037109
3437.043701
3437.051025
3437.057861
3437.061768
3437.068848
3437.076416
3437.082520
3437.086914
3437.092529
3437.097168
3437.102295
3437.110107
3437.115967
3437.122314
3437.128906
3437.136475
3437.141846
3437.148193
3437.153809
3437.161133
3437.167480
3437.171387
3437.176270
3437.180664
3437.185059
3437.190430
3437.196533
3437.200928
3437.208008
3437.213135
3437.220215
3437.226074
3437.232422
3437.237061
3437.241211
3437.246826
3437.250000
3437.255615
3437.260742
3437.264648
3437.270752
3437.276367
3437.281250
3437.287354
3437.291504
3437.296387
3437.301025
3437.306885
3437.311768
3437.316895
3437.323242
3437.328613
3437.333008
3437.337891
3437.342041
3437.344971
3437.349121
3437.354248
3437.358154
3437.362793
3437.366455
3437.370361
3437.374023
3437.377686
3437.381592
3437.385986
3437.388916
3437.392578
3437.397461
3437.402344
3437.406738
3437.410400
3437.416016
3437.419678
3437.424072
3437.428711
3437.433105
3437.436279
3437.438477
3437.441406
3437.444580
3437.447510
3437.451172
3437.454590
3437.459229
3437.463867
3437.469482
3437.473145
3437.477539
3437.479736
3437.482910
3437.484863
3437.487549
3437.491455
3437.496094
3437.499512
3437.503662
3437.507568
3437.510742
3437.512939
3437.516357
3437.520020
3437.523438
3437.527832
3437.531250
3437.533447
3437.535889
3437.538574
3437.540771
3437.543701
3437.546387
3437.549072
3437.552490
3437.556641
3437.561279
3437.564697
3437.568115
3437.570557
3437.573242
3437.575928
3437.577393
3437.578857
3437.582764
3437.585938
3437.589111
3437.592773
3437.595215
3437.597412
3437.600586
3437.603760
3437.605225
3437.607178
3437.609131
3437.611572
3437.612793
3437.613770
3437.615967
3437.618164
3437.621582
3437.623535
3437.625977
3437.627197
3437.628418
3437.629395
3437.632324
3437.634033
3437.635742
3437.637451
3437.639404
3437.640625
3437.641357
3437.644043
3437.645752
3437.646729
3437.647461
3437.648926
3437.650391
3437.653076
3437.655029
3437.656982
3437.658447
3437.659424
3437.661621
3437.662842
3437.664551
3437.666748
3437.669434
3437.669922
3437.671387
3437.673584
3437.674805
3437.675781
3437.677246
3437.678467
3437.679688
3437.681152
3437.682373
3437.684326
3437.685791
3437.686523
3437.687500
3437.688965
3437.689941
3437.692383
3437.693848
3437.695068
3437.697510
3437.699219
3437.700439
3437.700928
3437.702148
3437.703857
3437.705078
3437.706299
3437.707520
3437.708252
3437.709229
3437.710449
3437.711670
3437.711670
3437.712891
3437.714111
3437.715820
3437.717041
3437.718018
3437.718994
3437.720459
3437.721924
3437.723389
3437.724121
3437.725586
3437.726074
3437.727783
3437.728271
3437.728760
3437.729492
3437.729980
3437.731201
3437.731689
3437.732422
3437.733154
3437.733398
3437.734863
3437.735352
3437.736572
3437.737061
3437.738037
3437.739502
3437.740479
3437.741455
3437.741943
3437.742676
3437.743896
3437.744873
3437.745361
3437.746338
3437.747314
3437.748291
3437.749268
3437.751221
3437.751709
3437.753174
3437.753662
3437.754150
3437.755371
3437.755371
3437.756348
3437.757324
3437.757568
3437.758301
3437.759033
3437.759766
3437.760254
3437.761230
3437.761475
3437.761719
3437.762207
3437.763184
3437.764404
3437.765381
3437.766357
3437.767334
3437.768799
3437.769775
3437.770264
3437.771729
3437.772217
3437.772949
3437.774414
3437.775146
3437.776123
3437.776611
3437.777344
3437.777832
3437.777832
3437.778809
3437.779297
3437.779541
3437.780273
3437.780762
3437.781250
3437.781494
3437.782227
3437.782715
3437.782715
3437.783447
3437.783691
3437.783936
3437.784912
3437.784912
3437.785400
3437.785645
3437.785889
3437.786865
3437.787354
3437.788330
3437.788818
3437.789551
3437.790039
3437.790527
3437.790771
3437.791260
3437.791748
3437.792480
3437.792480
3437.792480
3437.792969
3437.793457
3437.793701
3437.793701
3437.793945
3437.793945
3437.794678
3437.794922
3437.795166
3437.795166
3437.795166
3437.795654
3437.795654
3437.796387
3437.797363
3437.797363
3437.798340
3437.799072
3437.799561
3437.800293
3437.801270
3437.801758
3437.802979
3437.803955
3437.804443
3437.804443
3437.804688
3437.805908
3437.806641
3437.807129
3437.807861
3437.807861
3437.808594
3437.809082
3437.810303
3437.810547
3437.811279
3437.812256
3437.813232
3437.814209
3437.814453
3437.814697
3437.815674
3437.816162
3437.816650
3437.816650
3437.817627
3437.818115
3437.818359
3437.819092
3437.819336
3437.819824
3437.820068
3437.820312
3437.820312
3437.821289
3437.821533
3437.822021
3437.822510
3437.823730
3437.824219
3437.825195
3437.825439
3437.826172
3437.827148
3437.827393
3437.828125
3437.828613
3437.829102
3437.830078
3437.831055
3437.831543
3437.832764
3437.833008
3437.833252
3437.834961
3437.835693
3437.836182
3437.836670
3437.837158
3437.837891
3437.838135
3437.838379
3437.839111
3437.839355
3437.839600
3437.839600
3437.839844
3437.840088
3437.840332
3437.840576
3437.840820
3437.841309
3437.842285
3437.842773
3437.843506
3437.844238
3437.844971
3437.844971
3437.845459
3437.845947
3437.846191
3437.846191
3437.846680
3437.846436
3437.846924
3437.847168
3437.848145
3437.848389
3437.848389
3437.848877
3437.849121
3437.849365
3437.849365
3437.849854
3437.850098
3437.850342
3437.850830
3437.851074
3437.851562
3437.851807
3437.851807
3437.852051
3437.852051
3437.852295
3437.852539
3437.852295
3437.852295
3437.852295
3437.852295
3437.852783
3437.852783
3437.853271
3437.853760
3437.853271
3437.853760
3437.853760
3437.853760
3437.854248
3437.854492
3437.854736
3437.854736
3437.854736
3437.854492
3437.854980
3437.855469
3437.855469
3437.855713
3437.855713
3437.855469
3437.855713
3437.855957
3437.856445
3437.856445
3437.856934
3437.857422
3437.857422
3437.857178
3437.857910
3437.858154
3437.858398
3437.858643
3437.859131
3437.859375
3437.859375
3437.859375
3437.859863
3437.860107
3437.860596
3437.860596
3437.860596
3437.860840
3437.860840
3437.861084
3437.861328
3437.861328
3437.861572
3437.862061
3437.862061
3437.862061
3437.862061
3437.862305
3437.862549
3437.862549
3437.862305
3437.862549
3437.862793
3437.862305
3437.862549
3437.862549
3437.863037
3437.863037
3437.863281
3437.863525
3437.863770
3437.863525
3437.863770
3437.863525
3437.863525
3437.863525
3437.863770
3437.863770
3437.863770
3437.863770
3437.863770
3437.863770
3437.863770
3437.863770
3437.863770
3437.863770
3437.864258
3437.864014
3437.864258
3437.864258
3437.864014
3437.864258
3437.864258
3437.864502
3437.864258
3437.864258
3437.864258
3437.864258
3437.864258
3437.864258
3437.864258
3437.864258
3437.864258
3437.864258
3437.864258
3437.864258
3437.864258
3437.864258
3437.864014
3437.864258
3437.864258
3437.864258
3437.864014
3437.864258
3437.863770
3437.863770
3437.863770
3437.864014
3437.863770
3437.863770
3437.863770
3437.863770
3437.863770
3437.863770
3437.863770
3437.863525
3437.863770
3437.863525
3437.863525
3437.863525
3437.863525
3437.863525
3437.863525
3437.863525
3437.863525
3437.863525
3437.863525
3437.863525
3437.863525
3437.863281
3437.863281
3437.863525
3437.863525
3437.863525
3437.863281
3437.863281
3437.863281
3437.863037
3437.863037
3437.863281
3437.863037
3437.863037
3437.863281
3437.863037
3437.863281
3437.863281
3437.863037
3437.863281
3437.863281
3437.863281
3437.863037
3437.863281
3437.863281
3437.863037
3437.863281
3437.863037
3437.863281
3437.863037
3437.863037
3437.863037
3437.863281
3437.863281
3437.863037
3437.863281
3437.863281
3437.863281
3437.863281
3437.863281
3437.863281
3437.863281
3437.863037
3437.863037
3437.863037
3437.863281
3437.863281
3437.863037
3437.863037
3437.863281
3437.863281
3437.863037
3437.863037
3437.863037
3437.863037
3437.863281
3437.863037
3437.862793
3437.862793
3437.862793
3437.862793
3437.862549
3437.862793
3437.862793
3437.862793
3437.862793
3437.862793
3437.862793
3437.862793
3437.862549
3437.862793
3437.862793
3437.862793
3437.862793
3437.862793
3437.862793
3437.862793
3437.862549
3437.862793
3437.862793
3437.863037
3437.862549
3437.862793
3437.862793
3437.862793
3437.862793
3437.863037
3437.862793
3437.862793
3437.862793
3437.862793
3437.862793
3437.862549
3437.862793
3437.863037
3437.862793
3437.862793
3437.862793
3437.862549
3437.862549
3437.862793
3437.862793
3437.862793
3437.862793
3437.862549
3437.862793
3437.862793
3437.862793
3437.862793
3437.862549
3437.862793
3437.862305
3437.862793
3437.862793
3437.862549
3437.862793
3437.862793
3437.862793
3437.862549
3437.862793
3437.862793
3437.862793
3437.862549
3437.862793
3437.862793
3437.862793
3437.862793
3437.862793
3437.862793
3437.862793
3437.862549
3437.862793
3437.862793
3437.862793
3437.862793
3437.862793
3437.862793
3437.862793
3437.862793
3437.862793
3437.862793
3437.862549
3437.862793
3437.862793
3437.862793
3437.862793
3437.862793
3437.862793
3437.862793
3437.863037
3437.862793
3437.862793
3437.862793
3437.862793
3437.863037
3437.862793
3437.862793
3437.863037
3437.862793
3437.862793
3437.862793
3437.862793
3437.862793
3437.862793
3437.863037
3437.863037
3437.863037
3437.863037
3437.863037
3437.862793
3437.862793
3437.863037
3437.863037
3437.862793
3437.862793
3437.862793
3437.862793
3437.862793
3437.863037
3437.862793
3437.862793
3437.863037
3437.862793
3437.862793
3437.862793
3437.862793
3437.862793
3437.862793
3437.863037
3437.862793
3437.862793
3437.862793
3437.862793
3437.862793
3437.862793
3437.862793
3437.862793
3437.862793
3437.862793
3437.862793
3437.863037
3437.862793
3437.862793
3437.862793
3437.863037
3437.862793
3437.862793
3437.863037
3437.862793
3437.862793
3437.862793
3437.862793
3437.863037
3437.862793
3437.862793
3437.862793
3437.862793
3437.862793
3437.862793
3437.863037
3437.862793
3437.862793
3437.863037
3437.863037
3437.862793
3437.862793
3437.862793
3437.862793
3437.862793
3437.862793
3437.862793
3437.862793
3437.862793
3437.862793
3437.862793
3437.862793
3437.863037
3437.862793
3437.863037
3437.862793
3437.862793
3437.863037
3437.862793
3437.862793
3437.862793
3437.862793
3437.862793
3437.862793
3437.862793
3437.862793
3437.862793
3437.862793
3437.862793
3437.862793
3437.863037
3437.862793
3437.862793
3437.862793
3437.862793
3437.862793
3437.862793
3437.862793
3437.862793
3437.863037
3437.862793
3437.862793
3437.862793
3437.862793
3437.862793
3437.862793
3437.862793
3437.862793
3437.862793
3437.862793
3437.862793
3437.862793
3437.862793
3437.862793
3437.862793
3437.863037
3437.862793
3437.862793
3437.862793
3437.862793
3437.862793
3437.862793
3437.863037
