3358.201904
3359.389160
3360.114258
3360.548340
3360.985596
3361.299805
3361.720459
3362.034912
3362.212402
3362.417969
3362.604248
3362.751465
3362.919189
3363.035156
3363.172119
3363.333984
3363.484131
3363.700684
3363.911621
3364.238281
3364.568848
3364.875977
3365.218506
3365.567139
3365.910156
3366.224609
3366.514893
3366.744385
3366.925781
3367.105957
3367.291504
3367.423584
3367.594971
3367.788086
3368.004883
3368.262207
3368.547363
3368.855713
3369.149414
3369.413330
3369.701172
3369.964111
3370.231934
3370.525635
3370.791992
3371.074219
3371.366455
3371.652100
3371.929199
3372.150146
3372.425781
3372.701904
3372.981934
3373.272461
3373.574219
3373.920654
3374.311279
3374.741211
3375.142090
3375.477539
3375.772217
3376.052979
3376.291992
3376.518311
3376.756348
3377.013916
3377.327881
3377.668457
3378.040039
3378.373291
3378.659180
3378.963135
3379.238525
3379.521973
3379.851074
3380.156982
3380.461914
3380.768555
3381.075439
3381.377930
3381.665771
3381.969238
3382.283203
3382.615967
3382.974609
3383.338867
3383.723145
3384.103760
3384.477783
3384.842529
3385.163086
3385.463379
3385.732910
3386.004883
3386.297363
3386.570068
3386.858154
3387.153564
3387.458984
3387.767822
3388.086914
3388.389893
3388.690186
3388.993896
3389.294922
3389.595703
3389.894043
3390.191895
3390.487061
3390.781494
3391.075439
3391.372314
3391.664551
3391.960693
3392.245361
3392.536865
3392.822266
3393.110840
3393.396240
3393.680420
3393.965332
3394.250732
3394.535400
3394.814453
3395.094971
3395.377930
3395.657715
3395.929443
3396.206299
3396.474854
3396.755371
3397.027588
3397.293701
3397.567139
3397.834229
3398.102783
3398.367676
3398.635742
3398.891602
3399.163086
3399.421143
3399.688232
3399.948975
3400.201660
3400.454590
3400.709473
3400.963379
3401.212646
3401.466309
3401.714355
3401.961182
3402.210449
3402.457275
3402.700195
3402.943604
3403.186035
3403.428955
3403.664795
3403.901611
3404.140137
3404.373779
3404.606934
3404.847656
3405.072021
3405.305908
3405.533447
3405.761475
3405.991943
3406.215820
3406.437012
3406.659912
3406.879395
3407.097168
3407.316895
3407.535156
3407.750488
3407.960205
3408.176270
3408.386719
3408.597900
3408.812012
3409.017090
3409.221680
3409.429932
3409.636719
3409.838867
3410.042725
3410.242920
3410.447021
3410.639160
3410.844238
3411.034912
3411.229004
3411.423584
3411.616699
3411.808594
3412.001465
3412.190430
3412.380859
3412.563232
3412.751221
3412.937744
3413.122070
3413.303955
3413.486328
3413.666504
3413.840088
3414.019775
3414.195557
3414.366699
3414.548096
3414.719482
3414.889160
3415.055664
3415.229980
3415.398193
3415.566406
3415.732178
3415.900146
3416.063232
3416.223145
3416.382324
3416.545410
3416.699707
3416.859375
3417.018555
3417.173096
3417.328857
3417.482178
3417.637207
3417.792969
3417.938232
3418.088867
3418.240967
3418.390625
3418.534912
3418.685791
3418.826172
3418.972412
3419.112061
3419.251709
3419.392334
3419.539062
3419.676025
3419.810791
3419.947510
3420.082520
3420.217529
3420.356689
3420.489014
3420.621094
3420.750000
3420.878418
3421.012451
3421.140381
3421.267334
3421.392334
3421.522705
3421.646240
3421.769531
3421.898682
3422.016602
3422.138184
3422.257324
3422.379150
3422.495605
3422.615479
3422.734375
3422.851074
3422.966553
3423.080811
3423.196533
3423.304199
3423.420898
3423.531738
3423.642578
3423.750732
3423.860107
3423.969727
3424.074219
3424.180420
3424.287109
3424.392578
3424.495605
3424.600342
3424.702148
3424.812012
3424.913086
3425.013916
3425.114746
3425.210449
3425.309326
3425.408691
3425.503174
3425.599121
3425.695557
3425.788574
3425.880859
3425.978760
3426.070312
3426.159180
3426.252197
3426.342529
3426.429443
3426.521484
3426.610840
3426.695068
3426.785156
3426.870361
3426.960205
3427.043945
3427.131104
3427.217285
3427.304443
3427.386230
3427.467529
3427.546875
3427.628906
3427.709473
3427.786377
3427.864746
3427.943848
3428.023438
3428.104736
3428.176758
3428.256348
3428.331543
3428.402832
3428.479004
3428.555176
3428.626221
3428.702148
3428.774902
3428.844971
3428.916748
3428.988037
